1,-1,433.00,19.00,136.00,176.00,1.00000,-1,-1,-1
2,-1,442.00,17.00,130.00,161.00,1.00000,-1,-1,-1
3,-1,451.00,16.00,126.00,147.00,1.00000,-1,-1,-1
4,-1,460.00,15.00,120.00,133.00,1.00000,-1,-1,-1
5,-1,469.00,14.00,116.00,119.00,1.00000,-1,-1,-1
6,-1,479.00,12.00,111.00,105.00,1.00000,-1,-1,-1
7,-1,488.00,11.00,106.00,91.00,1.00000,-1,-1,-1
8,-1,497.00,10.00,101.00,77.00,1.00000,-1,-1,-1
9,-1,506.00,9.00,96.00,63.00,1.00000,-1,-1,-1
10,-1,516.00,8.00,91.00,49.00,1.00000,-1,-1,-1
11,-1,519.00,15.00,86.00,46.00,1.00000,-1,-1,-1
12,-1,522.00,22.00,82.00,44.00,1.00000,-1,-1,-1
13,-1,525.00,29.00,77.00,42.00,1.00000,-1,-1,-1
14,-1,528.00,36.00,73.00,40.00,1.00000,-1,-1,-1
15,-1,531.00,44.00,68.00,38.00,1.00000,-1,-1,-1
16,-1,534.00,51.00,64.00,36.00,1.00000,-1,-1,-1
17,-1,537.00,58.00,59.00,34.00,1.00000,-1,-1,-1
18,-1,540.00,65.00,55.00,32.00,1.00000,-1,-1,-1
19,-1,543.00,72.00,50.00,30.00,1.00000,-1,-1,-1
20,-1,547.00,80.00,46.00,28.00,1.00000,-1,-1,-1
21,-1,544.00,84.00,46.00,28.00,1.00000,-1,-1,-1
22,-1,542.00,89.00,46.00,28.00,1.00000,-1,-1,-1
23,-1,540.00,94.00,46.00,28.00,1.00000,-1,-1,-1
24,-1,538.00,99.00,46.00,28.00,1.00000,-1,-1,-1
25,-1,536.00,104.00,46.00,28.00,1.00000,-1,-1,-1
26,-1,533.00,108.00,46.00,28.00,1.00000,-1,-1,-1
27,-1,531.00,113.00,46.00,28.00,1.00000,-1,-1,-1
28,-1,529.00,118.00,46.00,28.00,1.00000,-1,-1,-1
29,-1,527.00,123.00,46.00,27.00,1.00000,-1,-1,-1
30,-1,525.00,128.00,46.00,28.00,1.00000,-1,-1,-1
31,-1,523.00,131.00,45.00,27.00,1.00000,-1,-1,-1
32,-1,521.00,134.00,44.00,27.00,1.00000,-1,-1,-1
33,-1,520.00,137.00,43.00,27.00,1.00000,-1,-1,-1
34,-1,518.00,140.00,42.00,26.00,1.00000,-1,-1,-1
35,-1,517.00,144.00,41.00,26.00,1.00000,-1,-1,-1
36,-1,515.00,147.00,40.00,26.00,1.00000,-1,-1,-1
37,-1,513.00,150.00,39.00,25.00,1.00000,-1,-1,-1
38,-1,512.00,153.00,38.00,25.00,1.00000,-1,-1,-1
39,-1,510.00,156.00,37.00,25.00,1.00000,-1,-1,-1
40,-1,509.00,160.00,36.00,25.00,1.00000,-1,-1,-1
41,-1,506.00,160.00,33.00,25.00,1.00000,-1,-1,-1
42,-1,504.00,161.00,31.00,25.00,1.00000,-1,-1,-1
43,-1,501.00,161.00,29.00,25.00,1.00000,-1,-1,-1
44,-1,499.00,162.00,27.00,25.00,1.00000,-1,-1,-1
45,-1,497.00,163.00,25.00,26.00,1.00000,-1,-1,-1
46,-1,494.00,163.00,22.00,26.00,1.00000,-1,-1,-1
47,-1,492.00,164.00,20.00,26.00,1.00000,-1,-1,-1
48,-1,489.00,164.00,18.00,26.00,1.00000,-1,-1,-1
49,-1,487.00,165.00,16.00,26.00,1.00000,-1,-1,-1
50,-1,485.00,166.00,14.00,27.00,1.00000,-1,-1,-1
51,-1,480.00,166.00,14.00,27.00,1.00000,-1,-1,-1
52,-1,475.00,167.00,15.00,28.00,1.00000,-1,-1,-1
53,-1,470.00,167.00,16.00,29.00,1.00000,-1,-1,-1
54,-1,465.00,168.00,17.00,30.00,1.00000,-1,-1,-1
55,-1,460.00,168.00,18.00,31.00,1.00000,-1,-1,-1
56,-1,455.00,169.00,18.00,32.00,1.00000,-1,-1,-1
57,-1,450.00,169.00,19.00,33.00,1.00000,-1,-1,-1
58,-1,445.00,170.00,20.00,34.00,1.00000,-1,-1,-1
59,-1,440.00,170.00,21.00,35.00,1.00000,-1,-1,-1
60,-1,435.00,171.00,22.00,36.00,1.00000,-1,-1,-1
61,-1,433.00,171.00,22.00,35.00,1.00000,-1,-1,-1
62,-1,431.00,172.00,22.00,35.00,1.00000,-1,-1,-1
63,-1,429.00,173.00,22.00,35.00,1.00000,-1,-1,-1
64,-1,428.00,174.00,22.00,35.00,1.00000,-1,-1,-1
65,-1,426.00,175.00,22.00,35.00,1.00000,-1,-1,-1
66,-1,424.00,175.00,22.00,35.00,1.00000,-1,-1,-1
67,-1,423.00,176.00,22.00,35.00,1.00000,-1,-1,-1
68,-1,421.00,177.00,22.00,35.00,1.00000,-1,-1,-1
69,-1,419.00,178.00,22.00,35.00,1.00000,-1,-1,-1
70,-1,418.00,179.00,23.00,35.00,1.00000,-1,-1,-1
71,-1,417.00,178.00,23.00,35.00,1.00000,-1,-1,-1
72,-1,416.00,178.00,23.00,35.00,1.00000,-1,-1,-1
73,-1,415.00,178.00,23.00,35.00,1.00000,-1,-1,-1
74,-1,414.00,178.00,23.00,35.00,1.00000,-1,-1,-1
75,-1,414.00,178.00,23.00,35.00,1.00000,-1,-1,-1
76,-1,413.00,178.00,23.00,35.00,1.00000,-1,-1,-1
77,-1,412.00,178.00,23.00,35.00,1.00000,-1,-1,-1
78,-1,411.00,178.00,23.00,35.00,1.00000,-1,-1,-1
79,-1,410.00,178.00,23.00,35.00,1.00000,-1,-1,-1
80,-1,410.00,178.00,24.00,35.00,1.00000,-1,-1,-1
81,-1,408.00,176.00,24.00,35.00,1.00000,-1,-1,-1
82,-1,407.00,175.00,24.00,35.00,1.00000,-1,-1,-1
83,-1,406.00,174.00,24.00,35.00,1.00000,-1,-1,-1
84,-1,405.00,173.00,24.00,35.00,1.00000,-1,-1,-1
85,-1,404.00,172.00,24.00,35.00,1.00000,-1,-1,-1
86,-1,403.00,171.00,24.00,35.00,1.00000,-1,-1,-1
87,-1,402.00,170.00,24.00,35.00,1.00000,-1,-1,-1
88,-1,401.00,169.00,24.00,35.00,1.00000,-1,-1,-1
89,-1,400.00,168.00,24.00,35.00,1.00000,-1,-1,-1
90,-1,399.00,167.00,25.00,35.00,1.00000,-1,-1,-1
91,-1,398.00,168.00,24.00,34.00,1.00000,-1,-1,-1
92,-1,397.00,170.00,24.00,33.00,1.00000,-1,-1,-1
93,-1,396.00,172.00,24.00,32.00,1.00000,-1,-1,-1
94,-1,395.00,174.00,24.00,31.00,1.00000,-1,-1,-1
95,-1,394.00,176.00,24.00,30.00,1.00000,-1,-1,-1
96,-1,393.00,178.00,24.00,29.00,1.00000,-1,-1,-1
97,-1,392.00,180.00,24.00,28.00,1.00000,-1,-1,-1
98,-1,391.00,182.00,24.00,27.00,1.00000,-1,-1,-1
99,-1,390.00,184.00,24.00,26.00,1.00000,-1,-1,-1
100,-1,390.00,186.00,24.00,26.00,1.00000,-1,-1,-1
101,-1,391.00,189.00,23.00,25.00,1.00000,-1,-1,-1
102,-1,393.00,193.00,22.00,25.00,1.00000,-1,-1,-1
103,-1,394.00,196.00,22.00,25.00,1.00000,-1,-1,-1
104,-1,396.00,200.00,21.00,25.00,1.00000,-1,-1,-1
105,-1,398.00,204.00,21.00,25.00,1.00000,-1,-1,-1
106,-1,399.00,207.00,20.00,24.00,1.00000,-1,-1,-1
107,-1,401.00,211.00,19.00,24.00,1.00000,-1,-1,-1
108,-1,402.00,214.00,19.00,24.00,1.00000,-1,-1,-1
109,-1,404.00,218.00,18.00,24.00,1.00000,-1,-1,-1
110,-1,406.00,222.00,18.00,24.00,1.00000,-1,-1,-1
111,-1,402.00,222.00,18.00,24.00,1.00000,-1,-1,-1
112,-1,399.00,223.00,18.00,24.00,1.00000,-1,-1,-1
113,-1,396.00,224.00,18.00,24.00,1.00000,-1,-1,-1
114,-1,393.00,225.00,18.00,24.00,1.00000,-1,-1,-1
115,-1,390.00,226.00,18.00,24.00,1.00000,-1,-1,-1
116,-1,386.00,226.00,18.00,24.00,1.00000,-1,-1,-1
117,-1,383.00,227.00,18.00,24.00,1.00000,-1,-1,-1
118,-1,380.00,228.00,18.00,24.00,1.00000,-1,-1,-1
119,-1,377.00,229.00,18.00,24.00,1.00000,-1,-1,-1
120,-1,374.00,230.00,18.00,24.00,1.00000,-1,-1,-1
121,-1,370.00,229.00,18.00,24.00,1.00000,-1,-1,-1
122,-1,367.00,229.00,18.00,24.00,1.00000,-1,-1,-1
123,-1,363.00,229.00,18.00,24.00,1.00000,-1,-1,-1
124,-1,360.00,228.00,18.00,24.00,1.00000,-1,-1,-1
125,-1,356.00,228.00,18.00,24.00,1.00000,-1,-1,-1
126,-1,353.00,228.00,18.00,24.00,1.00000,-1,-1,-1
127,-1,349.00,227.00,18.00,24.00,1.00000,-1,-1,-1
128,-1,346.00,227.00,18.00,24.00,1.00000,-1,-1,-1
129,-1,342.00,227.00,18.00,24.00,1.00000,-1,-1,-1
130,-1,339.00,227.00,18.00,24.00,1.00000,-1,-1,-1
131,-1,342.00,225.00,18.00,24.00,1.00000,-1,-1,-1
132,-1,345.00,223.00,18.00,24.00,1.00000,-1,-1,-1
133,-1,348.00,221.00,18.00,25.00,1.00000,-1,-1,-1
134,-1,352.00,220.00,18.00,25.00,1.00000,-1,-1,-1
135,-1,355.00,218.00,18.00,26.00,1.00000,-1,-1,-1
136,-1,358.00,216.00,18.00,26.00,1.00000,-1,-1,-1
137,-1,362.00,215.00,18.00,26.00,1.00000,-1,-1,-1
138,-1,365.00,213.00,18.00,27.00,1.00000,-1,-1,-1
139,-1,368.00,211.00,18.00,27.00,1.00000,-1,-1,-1
140,-1,372.00,210.00,19.00,28.00,1.00000,-1,-1,-1
141,-1,373.00,209.00,19.00,28.00,1.00000,-1,-1,-1
142,-1,375.00,209.00,19.00,28.00,1.00000,-1,-1,-1
143,-1,377.00,209.00,19.00,28.00,1.00000,-1,-1,-1
144,-1,379.00,208.00,19.00,28.00,1.00000,-1,-1,-1
145,-1,381.00,208.00,19.00,28.00,1.00000,-1,-1,-1
146,-1,382.00,208.00,19.00,28.00,1.00000,-1,-1,-1
147,-1,384.00,207.00,19.00,28.00,1.00000,-1,-1,-1
148,-1,386.00,207.00,19.00,28.00,1.00000,-1,-1,-1
149,-1,388.00,207.00,19.00,28.00,1.00000,-1,-1,-1
150,-1,390.00,207.00,19.00,28.00,1.00000,-1,-1,-1
151,-1,389.00,205.00,19.00,28.00,1.00000,-1,-1,-1
152,-1,389.00,204.00,20.00,28.00,1.00000,-1,-1,-1
153,-1,388.00,203.00,21.00,28.00,1.00000,-1,-1,-1
154,-1,388.00,201.00,22.00,28.00,1.00000,-1,-1,-1
155,-1,387.00,200.00,23.00,28.00,1.00000,-1,-1,-1
156,-1,387.00,199.00,23.00,28.00,1.00000,-1,-1,-1
157,-1,386.00,197.00,24.00,28.00,1.00000,-1,-1,-1
158,-1,386.00,196.00,25.00,28.00,1.00000,-1,-1,-1
159,-1,385.00,195.00,26.00,28.00,1.00000,-1,-1,-1
160,-1,385.00,194.00,27.00,29.00,1.00000,-1,-1,-1
161,-1,385.00,194.00,27.00,29.00,1.00000,-1,-1,-1
162,-1,385.00,194.00,27.00,29.00,1.00000,-1,-1,-1
163,-1,385.00,194.00,27.00,29.00,1.00000,-1,-1,-1
164,-1,385.00,194.00,27.00,29.00,1.00000,-1,-1,-1
165,-1,385.00,194.00,27.00,30.00,1.00000,-1,-1,-1
166,-1,385.00,194.00,27.00,30.00,1.00000,-1,-1,-1
167,-1,385.00,194.00,27.00,30.00,1.00000,-1,-1,-1
168,-1,385.00,194.00,27.00,30.00,1.00000,-1,-1,-1
169,-1,385.00,194.00,27.00,30.00,1.00000,-1,-1,-1
170,-1,385.00,194.00,28.00,31.00,1.00000,-1,-1,-1
171,-1,385.00,195.00,28.00,30.00,1.00000,-1,-1,-1
172,-1,385.00,196.00,29.00,29.00,1.00000,-1,-1,-1
173,-1,385.00,197.00,29.00,28.00,1.00000,-1,-1,-1
174,-1,385.00,198.00,30.00,27.00,1.00000,-1,-1,-1
175,-1,385.00,200.00,30.00,27.00,1.00000,-1,-1,-1
176,-1,385.00,201.00,31.00,26.00,1.00000,-1,-1,-1
177,-1,385.00,202.00,31.00,25.00,1.00000,-1,-1,-1
178,-1,385.00,203.00,32.00,24.00,1.00000,-1,-1,-1
179,-1,385.00,204.00,32.00,23.00,1.00000,-1,-1,-1
180,-1,386.00,206.00,33.00,23.00,1.00000,-1,-1,-1
181,-1,386.00,204.00,33.00,23.00,1.00000,-1,-1,-1
182,-1,386.00,203.00,33.00,23.00,1.00000,-1,-1,-1
183,-1,386.00,202.00,33.00,23.00,1.00000,-1,-1,-1
184,-1,386.00,201.00,33.00,23.00,1.00000,-1,-1,-1
185,-1,386.00,200.00,33.00,23.00,1.00000,-1,-1,-1
186,-1,386.00,199.00,33.00,23.00,1.00000,-1,-1,-1
187,-1,386.00,198.00,33.00,23.00,1.00000,-1,-1,-1
188,-1,386.00,197.00,33.00,23.00,1.00000,-1,-1,-1
189,-1,386.00,196.00,33.00,23.00,1.00000,-1,-1,-1
190,-1,387.00,195.00,33.00,23.00,1.00000,-1,-1,-1
191,-1,386.00,193.00,33.00,23.00,1.00000,-1,-1,-1
192,-1,385.00,192.00,33.00,23.00,1.00000,-1,-1,-1
193,-1,384.00,191.00,33.00,23.00,1.00000,-1,-1,-1
194,-1,383.00,190.00,33.00,23.00,1.00000,-1,-1,-1
195,-1,382.00,189.00,33.00,23.00,1.00000,-1,-1,-1
196,-1,381.00,188.00,33.00,23.00,1.00000,-1,-1,-1
197,-1,380.00,187.00,33.00,23.00,1.00000,-1,-1,-1
198,-1,379.00,186.00,33.00,23.00,1.00000,-1,-1,-1
199,-1,378.00,185.00,33.00,23.00,1.00000,-1,-1,-1
200,-1,378.00,184.00,33.00,23.00,1.00000,-1,-1,-1
201,-1,376.00,184.00,34.00,23.00,1.00000,-1,-1,-1
202,-1,375.00,185.00,35.00,23.00,1.00000,-1,-1,-1
203,-1,374.00,186.00,36.00,24.00,1.00000,-1,-1,-1
204,-1,373.00,187.00,37.00,24.00,1.00000,-1,-1,-1
205,-1,372.00,188.00,38.00,25.00,1.00000,-1,-1,-1
206,-1,371.00,188.00,39.00,25.00,1.00000,-1,-1,-1
207,-1,370.00,189.00,40.00,25.00,1.00000,-1,-1,-1
208,-1,369.00,190.00,41.00,26.00,1.00000,-1,-1,-1
209,-1,368.00,191.00,42.00,26.00,1.00000,-1,-1,-1
210,-1,367.00,192.00,43.00,27.00,1.00000,-1,-1,-1
211,-1,366.00,193.00,43.00,27.00,1.00000,-1,-1,-1
212,-1,366.00,194.00,44.00,27.00,1.00000,-1,-1,-1
213,-1,365.00,195.00,45.00,27.00,1.00000,-1,-1,-1
214,-1,365.00,196.00,46.00,27.00,1.00000,-1,-1,-1
215,-1,364.00,197.00,47.00,27.00,1.00000,-1,-1,-1
216,-1,364.00,198.00,48.00,27.00,1.00000,-1,-1,-1
217,-1,363.00,199.00,49.00,27.00,1.00000,-1,-1,-1
218,-1,363.00,200.00,50.00,27.00,1.00000,-1,-1,-1
219,-1,362.00,201.00,51.00,27.00,1.00000,-1,-1,-1
220,-1,362.00,203.00,52.00,27.00,1.00000,-1,-1,-1
221,-1,362.00,203.00,52.00,27.00,1.00000,-1,-1,-1
222,-1,363.00,204.00,53.00,27.00,1.00000,-1,-1,-1
223,-1,363.00,205.00,53.00,27.00,1.00000,-1,-1,-1
224,-1,364.00,206.00,54.00,27.00,1.00000,-1,-1,-1
225,-1,365.00,207.00,54.00,27.00,1.00000,-1,-1,-1
226,-1,365.00,207.00,55.00,27.00,1.00000,-1,-1,-1
227,-1,366.00,208.00,55.00,27.00,1.00000,-1,-1,-1
228,-1,366.00,209.00,56.00,27.00,1.00000,-1,-1,-1
229,-1,367.00,210.00,56.00,27.00,1.00000,-1,-1,-1
230,-1,368.00,211.00,57.00,28.00,1.00000,-1,-1,-1
231,-1,368.00,208.00,57.00,29.00,1.00000,-1,-1,-1
232,-1,369.00,206.00,58.00,31.00,1.00000,-1,-1,-1
233,-1,370.00,204.00,59.00,33.00,1.00000,-1,-1,-1
234,-1,371.00,201.00,60.00,34.00,1.00000,-1,-1,-1
235,-1,372.00,199.00,61.00,36.00,1.00000,-1,-1,-1
236,-1,372.00,197.00,61.00,38.00,1.00000,-1,-1,-1
237,-1,373.00,194.00,62.00,39.00,1.00000,-1,-1,-1
238,-1,374.00,192.00,63.00,41.00,1.00000,-1,-1,-1
239,-1,375.00,190.00,64.00,43.00,1.00000,-1,-1,-1
240,-1,376.00,188.00,65.00,45.00,1.00000,-1,-1,-1
241,-1,377.00,186.00,65.00,44.00,1.00000,-1,-1,-1
242,-1,378.00,185.00,66.00,44.00,1.00000,-1,-1,-1
243,-1,380.00,184.00,66.00,44.00,1.00000,-1,-1,-1
244,-1,381.00,182.00,67.00,44.00,1.00000,-1,-1,-1
245,-1,383.00,181.00,68.00,44.00,1.00000,-1,-1,-1
246,-1,384.00,180.00,68.00,44.00,1.00000,-1,-1,-1
247,-1,385.00,178.00,69.00,44.00,1.00000,-1,-1,-1
248,-1,387.00,177.00,69.00,44.00,1.00000,-1,-1,-1
249,-1,388.00,176.00,70.00,44.00,1.00000,-1,-1,-1
250,-1,390.00,175.00,71.00,44.00,1.00000,-1,-1,-1
251,-1,389.00,173.00,71.00,44.00,1.00000,-1,-1,-1
252,-1,388.00,172.00,72.00,44.00,1.00000,-1,-1,-1
253,-1,388.00,170.00,73.00,44.00,1.00000,-1,-1,-1
254,-1,387.00,169.00,74.00,44.00,1.00000,-1,-1,-1
255,-1,387.00,168.00,75.00,45.00,1.00000,-1,-1,-1
256,-1,386.00,166.00,76.00,45.00,1.00000,-1,-1,-1
257,-1,385.00,165.00,77.00,45.00,1.00000,-1,-1,-1
258,-1,385.00,163.00,78.00,45.00,1.00000,-1,-1,-1
259,-1,384.00,162.00,79.00,45.00,1.00000,-1,-1,-1
260,-1,384.00,161.00,80.00,46.00,1.00000,-1,-1,-1
261,-1,384.00,160.00,79.00,45.00,1.00000,-1,-1,-1
262,-1,384.00,160.00,78.00,45.00,1.00000,-1,-1,-1
263,-1,385.00,159.00,77.00,45.00,1.00000,-1,-1,-1
264,-1,385.00,159.00,77.00,45.00,1.00000,-1,-1,-1
265,-1,385.00,158.00,76.00,45.00,1.00000,-1,-1,-1
266,-1,386.00,158.00,75.00,45.00,1.00000,-1,-1,-1
267,-1,386.00,157.00,75.00,45.00,1.00000,-1,-1,-1
268,-1,386.00,157.00,74.00,45.00,1.00000,-1,-1,-1
269,-1,387.00,156.00,73.00,45.00,1.00000,-1,-1,-1
270,-1,387.00,156.00,73.00,45.00,1.00000,-1,-1,-1
271,-1,387.00,155.00,72.00,45.00,1.00000,-1,-1,-1
272,-1,388.00,155.00,71.00,45.00,1.00000,-1,-1,-1
273,-1,388.00,154.00,70.00,45.00,1.00000,-1,-1,-1
274,-1,388.00,154.00,70.00,45.00,1.00000,-1,-1,-1
275,-1,389.00,153.00,69.00,45.00,1.00000,-1,-1,-1
276,-1,389.00,153.00,68.00,45.00,1.00000,-1,-1,-1
277,-1,389.00,152.00,68.00,45.00,1.00000,-1,-1,-1
278,-1,390.00,152.00,67.00,45.00,1.00000,-1,-1,-1
279,-1,390.00,151.00,66.00,45.00,1.00000,-1,-1,-1
280,-1,391.00,151.00,66.00,45.00,1.00000,-1,-1,-1
281,-1,390.00,151.00,68.00,45.00,1.00000,-1,-1,-1
282,-1,389.00,152.00,70.00,45.00,1.00000,-1,-1,-1
283,-1,388.00,153.00,73.00,46.00,1.00000,-1,-1,-1
284,-1,387.00,154.00,75.00,46.00,1.00000,-1,-1,-1
285,-1,386.00,155.00,78.00,47.00,1.00000,-1,-1,-1
286,-1,385.00,156.00,80.00,47.00,1.00000,-1,-1,-1
287,-1,384.00,157.00,82.00,47.00,1.00000,-1,-1,-1
288,-1,383.00,158.00,85.00,48.00,1.00000,-1,-1,-1
289,-1,382.00,159.00,87.00,48.00,1.00000,-1,-1,-1
290,-1,382.00,160.00,90.00,49.00,1.00000,-1,-1,-1
291,-1,381.00,161.00,90.00,49.00,1.00000,-1,-1,-1
292,-1,381.00,162.00,90.00,49.00,1.00000,-1,-1,-1
293,-1,381.00,164.00,90.00,49.00,1.00000,-1,-1,-1
294,-1,380.00,165.00,90.00,49.00,1.00000,-1,-1,-1
295,-1,380.00,167.00,90.00,49.00,1.00000,-1,-1,-1
296,-1,380.00,168.00,90.00,49.00,1.00000,-1,-1,-1
297,-1,379.00,169.00,90.00,49.00,1.00000,-1,-1,-1
298,-1,379.00,171.00,90.00,49.00,1.00000,-1,-1,-1
299,-1,379.00,172.00,90.00,49.00,1.00000,-1,-1,-1
300,-1,379.00,174.00,91.00,50.00,1.00000,-1,-1,-1
301,-1,378.00,175.00,91.00,50.00,1.00000,-1,-1,-1
302,-1,378.00,176.00,91.00,50.00,1.00000,-1,-1,-1
303,-1,378.00,178.00,91.00,50.00,1.00000,-1,-1,-1
304,-1,377.00,179.00,91.00,50.00,1.00000,-1,-1,-1
305,-1,377.00,181.00,91.00,50.00,1.00000,-1,-1,-1
306,-1,377.00,182.00,91.00,50.00,1.00000,-1,-1,-1
307,-1,376.00,183.00,91.00,50.00,1.00000,-1,-1,-1
308,-1,376.00,185.00,91.00,50.00,1.00000,-1,-1,-1
309,-1,376.00,186.00,91.00,50.00,1.00000,-1,-1,-1
310,-1,376.00,188.00,92.00,51.00,1.00000,-1,-1,-1
311,-1,375.00,189.00,91.00,51.00,1.00000,-1,-1,-1
312,-1,375.00,190.00,90.00,51.00,1.00000,-1,-1,-1
313,-1,375.00,191.00,89.00,51.00,1.00000,-1,-1,-1
314,-1,375.00,193.00,89.00,51.00,1.00000,-1,-1,-1
315,-1,374.00,194.00,88.00,51.00,1.00000,-1,-1,-1
316,-1,374.00,195.00,87.00,51.00,1.00000,-1,-1,-1
317,-1,374.00,197.00,87.00,51.00,1.00000,-1,-1,-1
318,-1,374.00,198.00,86.00,51.00,1.00000,-1,-1,-1
319,-1,373.00,199.00,85.00,51.00,1.00000,-1,-1,-1
320,-1,373.00,201.00,85.00,51.00,1.00000,-1,-1,-1
321,-1,373.00,202.00,84.00,51.00,1.00000,-1,-1,-1
322,-1,373.00,203.00,83.00,51.00,1.00000,-1,-1,-1
323,-1,372.00,204.00,82.00,51.00,1.00000,-1,-1,-1
324,-1,372.00,206.00,82.00,51.00,1.00000,-1,-1,-1
325,-1,372.00,207.00,81.00,51.00,1.00000,-1,-1,-1
326,-1,372.00,208.00,80.00,51.00,1.00000,-1,-1,-1
327,-1,371.00,210.00,80.00,51.00,1.00000,-1,-1,-1
328,-1,371.00,211.00,79.00,50.00,1.00000,-1,-1,-1
329,-1,371.00,212.00,78.00,51.00,1.00000,-1,-1,-1
330,-1,371.00,214.00,78.00,51.00,1.00000,-1,-1,-1
331,-1,370.00,214.00,77.00,51.00,1.00000,-1,-1,-1
332,-1,369.00,215.00,77.00,52.00,1.00000,-1,-1,-1
333,-1,368.00,215.00,76.00,52.00,1.00000,-1,-1,-1
334,-1,368.00,216.00,76.00,53.00,1.00000,-1,-1,-1
335,-1,367.00,216.00,76.00,54.00,1.00000,-1,-1,-1
336,-1,366.00,217.00,75.00,54.00,1.00000,-1,-1,-1
337,-1,366.00,217.00,75.00,55.00,1.00000,-1,-1,-1
338,-1,365.00,218.00,74.00,55.00,1.00000,-1,-1,-1
339,-1,364.00,218.00,74.00,56.00,1.00000,-1,-1,-1
340,-1,364.00,219.00,74.00,57.00,1.00000,-1,-1,-1
341,-1,363.00,219.00,73.00,57.00,1.00000,-1,-1,-1
342,-1,363.00,219.00,73.00,58.00,1.00000,-1,-1,-1
343,-1,362.00,219.00,73.00,58.00,1.00000,-1,-1,-1
344,-1,362.00,219.00,73.00,58.00,1.00000,-1,-1,-1
345,-1,361.00,219.00,73.00,59.00,1.00000,-1,-1,-1
346,-1,361.00,219.00,73.00,60.00,1.00000,-1,-1,-1
347,-1,360.00,219.00,73.00,60.00,1.00000,-1,-1,-1
348,-1,360.00,219.00,73.00,61.00,1.00000,-1,-1,-1
349,-1,359.00,219.00,73.00,61.00,1.00000,-1,-1,-1
350,-1,359.00,220.00,73.00,62.00,1.00000,-1,-1,-1
351,-1,359.00,220.00,73.00,62.00,1.00000,-1,-1,-1
352,-1,358.00,220.00,73.00,63.00,1.00000,-1,-1,-1
353,-1,358.00,220.00,73.00,63.00,1.00000,-1,-1,-1
354,-1,357.00,220.00,73.00,63.00,1.00000,-1,-1,-1
355,-1,357.00,220.00,73.00,64.00,1.00000,-1,-1,-1
356,-1,356.00,220.00,73.00,65.00,1.00000,-1,-1,-1
357,-1,356.00,220.00,73.00,65.00,1.00000,-1,-1,-1
358,-1,355.00,220.00,73.00,66.00,1.00000,-1,-1,-1
359,-1,355.00,220.00,73.00,66.00,1.00000,-1,-1,-1
360,-1,355.00,221.00,73.00,67.00,1.00000,-1,-1,-1
361,-1,354.00,221.00,73.00,67.00,1.00000,-1,-1,-1
362,-1,354.00,221.00,73.00,67.00,1.00000,-1,-1,-1
363,-1,354.00,221.00,73.00,68.00,1.00000,-1,-1,-1
364,-1,354.00,221.00,73.00,68.00,1.00000,-1,-1,-1
365,-1,354.00,221.00,73.00,68.00,1.00000,-1,-1,-1
366,-1,354.00,221.00,73.00,69.00,1.00000,-1,-1,-1
367,-1,353.00,222.00,73.00,69.00,1.00000,-1,-1,-1
368,-1,353.00,222.00,73.00,69.00,1.00000,-1,-1,-1
369,-1,353.00,222.00,73.00,70.00,1.00000,-1,-1,-1
370,-1,353.00,222.00,73.00,70.00,1.00000,-1,-1,-1
371,-1,353.00,222.00,73.00,70.00,1.00000,-1,-1,-1
372,-1,353.00,222.00,73.00,71.00,1.00000,-1,-1,-1
373,-1,353.00,222.00,73.00,71.00,1.00000,-1,-1,-1
374,-1,352.00,223.00,73.00,71.00,1.00000,-1,-1,-1
375,-1,352.00,223.00,73.00,72.00,1.00000,-1,-1,-1
376,-1,352.00,223.00,73.00,72.00,1.00000,-1,-1,-1
377,-1,352.00,223.00,73.00,72.00,1.00000,-1,-1,-1
378,-1,352.00,223.00,73.00,73.00,1.00000,-1,-1,-1
379,-1,352.00,223.00,73.00,73.00,1.00000,-1,-1,-1
380,-1,352.00,224.00,74.00,74.00,1.00000,-1,-1,-1
381,-1,351.00,224.00,74.00,74.00,1.00000,-1,-1,-1
382,-1,350.00,225.00,75.00,74.00,1.00000,-1,-1,-1
383,-1,349.00,225.00,75.00,75.00,1.00000,-1,-1,-1
384,-1,348.00,226.00,76.00,75.00,1.00000,-1,-1,-1
385,-1,347.00,226.00,76.00,76.00,1.00000,-1,-1,-1
386,-1,346.00,227.00,77.00,76.00,1.00000,-1,-1,-1
387,-1,345.00,227.00,77.00,77.00,1.00000,-1,-1,-1
388,-1,344.00,228.00,78.00,77.00,1.00000,-1,-1,-1
389,-1,343.00,228.00,78.00,78.00,1.00000,-1,-1,-1
390,-1,342.00,229.00,79.00,78.00,1.00000,-1,-1,-1
391,-1,341.00,230.00,79.00,78.00,1.00000,-1,-1,-1
392,-1,340.00,230.00,80.00,79.00,1.00000,-1,-1,-1
393,-1,339.00,231.00,80.00,79.00,1.00000,-1,-1,-1
394,-1,338.00,231.00,81.00,80.00,1.00000,-1,-1,-1
395,-1,337.00,232.00,81.00,80.00,1.00000,-1,-1,-1
396,-1,336.00,232.00,82.00,81.00,1.00000,-1,-1,-1
397,-1,335.00,233.00,82.00,81.00,1.00000,-1,-1,-1
398,-1,334.00,233.00,83.00,82.00,1.00000,-1,-1,-1
399,-1,333.00,234.00,83.00,82.00,1.00000,-1,-1,-1
400,-1,332.00,235.00,84.00,83.00,1.00000,-1,-1,-1
401,-1,331.00,234.00,84.00,83.00,1.00000,-1,-1,-1
402,-1,330.00,233.00,84.00,84.00,1.00000,-1,-1,-1
403,-1,329.00,233.00,85.00,84.00,1.00000,-1,-1,-1
404,-1,329.00,232.00,85.00,85.00,1.00000,-1,-1,-1
405,-1,328.00,232.00,86.00,86.00,1.00000,-1,-1,-1
406,-1,327.00,231.00,86.00,86.00,1.00000,-1,-1,-1
407,-1,326.00,231.00,86.00,87.00,1.00000,-1,-1,-1
408,-1,326.00,230.00,87.00,87.00,1.00000,-1,-1,-1
409,-1,325.00,230.00,87.00,88.00,1.00000,-1,-1,-1
410,-1,324.00,229.00,88.00,89.00,1.00000,-1,-1,-1
411,-1,323.00,228.00,88.00,89.00,1.00000,-1,-1,-1
412,-1,323.00,228.00,88.00,90.00,1.00000,-1,-1,-1
413,-1,322.00,227.00,89.00,90.00,1.00000,-1,-1,-1
414,-1,321.00,227.00,89.00,91.00,1.00000,-1,-1,-1
415,-1,320.00,226.00,90.00,92.00,1.00000,-1,-1,-1
416,-1,320.00,226.00,90.00,92.00,1.00000,-1,-1,-1
417,-1,319.00,225.00,90.00,93.00,1.00000,-1,-1,-1
418,-1,318.00,225.00,91.00,93.00,1.00000,-1,-1,-1
419,-1,317.00,224.00,91.00,94.00,1.00000,-1,-1,-1
420,-1,317.00,224.00,92.00,95.00,1.00000,-1,-1,-1
421,-1,316.00,223.00,92.00,95.00,1.00000,-1,-1,-1
422,-1,316.00,223.00,92.00,96.00,1.00000,-1,-1,-1
423,-1,315.00,223.00,93.00,97.00,1.00000,-1,-1,-1
424,-1,315.00,223.00,93.00,97.00,1.00000,-1,-1,-1
425,-1,314.00,222.00,94.00,98.00,1.00000,-1,-1,-1
426,-1,314.00,222.00,94.00,99.00,1.00000,-1,-1,-1
427,-1,313.00,222.00,95.00,99.00,1.00000,-1,-1,-1
428,-1,313.00,222.00,95.00,100.00,1.00000,-1,-1,-1
429,-1,312.00,221.00,95.00,100.00,1.00000,-1,-1,-1
430,-1,312.00,221.00,96.00,101.00,1.00000,-1,-1,-1
431,-1,311.00,221.00,96.00,102.00,1.00000,-1,-1,-1
432,-1,311.00,221.00,97.00,103.00,1.00000,-1,-1,-1
433,-1,310.00,220.00,97.00,103.00,1.00000,-1,-1,-1
434,-1,310.00,220.00,98.00,104.00,1.00000,-1,-1,-1
435,-1,309.00,220.00,98.00,105.00,1.00000,-1,-1,-1
436,-1,309.00,220.00,98.00,105.00,1.00000,-1,-1,-1
437,-1,308.00,220.00,99.00,106.00,1.00000,-1,-1,-1
438,-1,308.00,219.00,99.00,107.00,1.00000,-1,-1,-1
439,-1,307.00,219.00,100.00,107.00,1.00000,-1,-1,-1
440,-1,307.00,219.00,100.00,108.00,1.00000,-1,-1,-1
441,-1,306.00,219.00,101.00,109.00,1.00000,-1,-1,-1
442,-1,306.00,218.00,101.00,109.00,1.00000,-1,-1,-1
443,-1,305.00,218.00,101.00,110.00,1.00000,-1,-1,-1
444,-1,305.00,218.00,102.00,110.00,1.00000,-1,-1,-1
445,-1,304.00,218.00,102.00,111.00,1.00000,-1,-1,-1
446,-1,304.00,217.00,103.00,112.00,1.00000,-1,-1,-1
447,-1,303.00,217.00,103.00,113.00,1.00000,-1,-1,-1
448,-1,303.00,217.00,104.00,113.00,1.00000,-1,-1,-1
449,-1,302.00,217.00,104.00,114.00,1.00000,-1,-1,-1
450,-1,302.00,217.00,105.00,115.00,1.00000,-1,-1,-1
451,-1,301.00,215.00,104.00,116.00,1.00000,-1,-1,-1
452,-1,301.00,214.00,103.00,118.00,1.00000,-1,-1,-1
453,-1,301.00,213.00,103.00,120.00,1.00000,-1,-1,-1
454,-1,301.00,212.00,102.00,122.00,1.00000,-1,-1,-1
455,-1,301.00,211.00,102.00,124.00,1.00000,-1,-1,-1
456,-1,301.00,210.00,101.00,126.00,1.00000,-1,-1,-1
457,-1,300.00,208.00,101.00,127.00,1.00000,-1,-1,-1
458,-1,300.00,207.00,100.00,129.00,1.00000,-1,-1,-1
459,-1,300.00,206.00,100.00,131.00,1.00000,-1,-1,-1
460,-1,300.00,205.00,99.00,133.00,1.00000,-1,-1,-1
461,-1,300.00,204.00,98.00,135.00,1.00000,-1,-1,-1
462,-1,300.00,203.00,98.00,137.00,1.00000,-1,-1,-1
463,-1,300.00,202.00,97.00,139.00,1.00000,-1,-1,-1
464,-1,299.00,200.00,97.00,140.00,1.00000,-1,-1,-1
465,-1,299.00,199.00,96.00,142.00,1.00000,-1,-1,-1
466,-1,299.00,198.00,96.00,144.00,1.00000,-1,-1,-1
467,-1,299.00,197.00,95.00,146.00,1.00000,-1,-1,-1
468,-1,299.00,196.00,95.00,148.00,1.00000,-1,-1,-1
469,-1,299.00,195.00,94.00,150.00,1.00000,-1,-1,-1
470,-1,299.00,194.00,94.00,152.00,1.00000,-1,-1,-1
471,-1,300.00,192.00,93.00,152.00,1.00000,-1,-1,-1
472,-1,301.00,191.00,93.00,152.00,1.00000,-1,-1,-1
473,-1,303.00,189.00,93.00,152.00,1.00000,-1,-1,-1
474,-1,304.00,188.00,93.00,152.00,1.00000,-1,-1,-1
475,-1,306.00,187.00,93.00,153.00,1.00000,-1,-1,-1
476,-1,307.00,185.00,92.00,153.00,1.00000,-1,-1,-1
477,-1,309.00,184.00,92.00,153.00,1.00000,-1,-1,-1
478,-1,310.00,182.00,92.00,153.00,1.00000,-1,-1,-1
479,-1,312.00,181.00,92.00,153.00,1.00000,-1,-1,-1
480,-1,313.00,180.00,92.00,154.00,1.00000,-1,-1,-1
481,-1,315.00,178.00,91.00,154.00,1.00000,-1,-1,-1
482,-1,316.00,177.00,91.00,154.00,1.00000,-1,-1,-1
483,-1,318.00,175.00,91.00,154.00,1.00000,-1,-1,-1
484,-1,319.00,174.00,91.00,154.00,1.00000,-1,-1,-1
485,-1,321.00,173.00,91.00,155.00,1.00000,-1,-1,-1
486,-1,322.00,171.00,90.00,155.00,1.00000,-1,-1,-1
487,-1,323.00,170.00,90.00,155.00,1.00000,-1,-1,-1
488,-1,325.00,168.00,90.00,155.00,1.00000,-1,-1,-1
489,-1,326.00,167.00,90.00,155.00,1.00000,-1,-1,-1
490,-1,328.00,166.00,90.00,156.00,1.00000,-1,-1,-1
491,-1,329.00,164.00,89.00,156.00,1.00000,-1,-1,-1
492,-1,331.00,163.00,89.00,156.00,1.00000,-1,-1,-1
493,-1,332.00,161.00,89.00,156.00,1.00000,-1,-1,-1
494,-1,334.00,160.00,89.00,156.00,1.00000,-1,-1,-1
495,-1,335.00,159.00,89.00,157.00,1.00000,-1,-1,-1
496,-1,337.00,157.00,88.00,157.00,1.00000,-1,-1,-1
497,-1,338.00,156.00,88.00,157.00,1.00000,-1,-1,-1
498,-1,340.00,154.00,88.00,157.00,1.00000,-1,-1,-1
499,-1,341.00,153.00,88.00,157.00,1.00000,-1,-1,-1
500,-1,343.00,152.00,88.00,158.00,1.00000,-1,-1,-1
501,-1,341.00,151.00,87.00,158.00,1.00000,-1,-1,-1
502,-1,339.00,151.00,86.00,159.00,1.00000,-1,-1,-1
503,-1,338.00,150.00,85.00,159.00,1.00000,-1,-1,-1
504,-1,336.00,150.00,84.00,160.00,1.00000,-1,-1,-1
505,-1,335.00,150.00,83.00,160.00,1.00000,-1,-1,-1
506,-1,333.00,149.00,82.00,161.00,1.00000,-1,-1,-1
507,-1,331.00,149.00,81.00,161.00,1.00000,-1,-1,-1
508,-1,330.00,148.00,80.00,162.00,1.00000,-1,-1,-1
509,-1,328.00,148.00,79.00,162.00,1.00000,-1,-1,-1
510,-1,327.00,148.00,79.00,163.00,1.00000,-1,-1,-1
511,-1,325.00,147.00,78.00,164.00,1.00000,-1,-1,-1
512,-1,323.00,147.00,77.00,164.00,1.00000,-1,-1,-1
513,-1,322.00,146.00,76.00,165.00,1.00000,-1,-1,-1
514,-1,320.00,146.00,75.00,165.00,1.00000,-1,-1,-1
515,-1,319.00,146.00,74.00,166.00,1.00000,-1,-1,-1
516,-1,317.00,145.00,73.00,166.00,1.00000,-1,-1,-1
517,-1,315.00,145.00,72.00,167.00,1.00000,-1,-1,-1
518,-1,314.00,144.00,71.00,167.00,1.00000,-1,-1,-1
519,-1,312.00,144.00,70.00,168.00,1.00000,-1,-1,-1
520,-1,311.00,144.00,70.00,169.00,1.00000,-1,-1,-1
521,-1,309.00,145.00,70.00,169.00,1.00000,-1,-1,-1
522,-1,308.00,146.00,70.00,169.00,1.00000,-1,-1,-1
523,-1,307.00,148.00,70.00,169.00,1.00000,-1,-1,-1
524,-1,306.00,149.00,70.00,169.00,1.00000,-1,-1,-1
525,-1,305.00,151.00,70.00,169.00,1.00000,-1,-1,-1
526,-1,303.00,152.00,70.00,169.00,1.00000,-1,-1,-1
527,-1,302.00,154.00,70.00,170.00,1.00000,-1,-1,-1
528,-1,301.00,155.00,70.00,170.00,1.00000,-1,-1,-1
529,-1,300.00,157.00,70.00,170.00,1.00000,-1,-1,-1
530,-1,299.00,158.00,71.00,170.00,1.00000,-1,-1,-1
531,-1,297.00,159.00,71.00,170.00,1.00000,-1,-1,-1
532,-1,296.00,161.00,71.00,170.00,1.00000,-1,-1,-1
533,-1,295.00,162.00,71.00,170.00,1.00000,-1,-1,-1
534,-1,294.00,164.00,71.00,171.00,1.00000,-1,-1,-1
535,-1,293.00,165.00,71.00,171.00,1.00000,-1,-1,-1
536,-1,291.00,167.00,71.00,171.00,1.00000,-1,-1,-1
537,-1,290.00,168.00,71.00,171.00,1.00000,-1,-1,-1
538,-1,289.00,170.00,71.00,171.00,1.00000,-1,-1,-1
539,-1,288.00,171.00,71.00,171.00,1.00000,-1,-1,-1
540,-1,287.00,173.00,72.00,172.00,1.00000,-1,-1,-1
541,-1,286.00,173.00,73.00,171.00,1.00000,-1,-1,-1
542,-1,285.00,174.00,74.00,171.00,1.00000,-1,-1,-1
543,-1,284.00,175.00,75.00,171.00,1.00000,-1,-1,-1
544,-1,283.00,176.00,76.00,171.00,1.00000,-1,-1,-1
545,-1,283.00,177.00,77.00,171.00,1.00000,-1,-1,-1
546,-1,282.00,178.00,78.00,171.00,1.00000,-1,-1,-1
547,-1,281.00,179.00,79.00,171.00,1.00000,-1,-1,-1
548,-1,280.00,180.00,80.00,171.00,1.00000,-1,-1,-1
549,-1,279.00,181.00,81.00,171.00,1.00000,-1,-1,-1
550,-1,279.00,182.00,83.00,171.00,1.00000,-1,-1,-1
551,-1,278.00,180.00,83.00,171.00,1.00000,-1,-1,-1
552,-1,277.00,179.00,84.00,171.00,1.00000,-1,-1,-1
553,-1,276.00,178.00,84.00,172.00,1.00000,-1,-1,-1
554,-1,276.00,177.00,85.00,172.00,1.00000,-1,-1,-1
555,-1,275.00,176.00,85.00,173.00,1.00000,-1,-1,-1
556,-1,274.00,175.00,86.00,173.00,1.00000,-1,-1,-1
557,-1,274.00,174.00,86.00,173.00,1.00000,-1,-1,-1
558,-1,273.00,173.00,87.00,174.00,1.00000,-1,-1,-1
559,-1,272.00,172.00,87.00,174.00,1.00000,-1,-1,-1
560,-1,272.00,171.00,88.00,175.00,1.00000,-1,-1,-1
561,-1,271.00,169.00,88.00,175.00,1.00000,-1,-1,-1
562,-1,270.00,168.00,89.00,175.00,1.00000,-1,-1,-1
563,-1,269.00,167.00,89.00,176.00,1.00000,-1,-1,-1
564,-1,269.00,166.00,90.00,176.00,1.00000,-1,-1,-1
565,-1,268.00,165.00,90.00,177.00,1.00000,-1,-1,-1
566,-1,267.00,164.00,91.00,177.00,1.00000,-1,-1,-1
567,-1,267.00,163.00,91.00,177.00,1.00000,-1,-1,-1
568,-1,266.00,162.00,92.00,178.00,1.00000,-1,-1,-1
569,-1,265.00,161.00,92.00,178.00,1.00000,-1,-1,-1
570,-1,265.00,160.00,93.00,179.00,1.00000,-1,-1,-1
571,-1,264.00,160.00,93.00,179.00,1.00000,-1,-1,-1
572,-1,264.00,160.00,94.00,179.00,1.00000,-1,-1,-1
573,-1,264.00,160.00,95.00,179.00,1.00000,-1,-1,-1
574,-1,264.00,160.00,96.00,179.00,1.00000,-1,-1,-1
575,-1,264.00,160.00,97.00,179.00,1.00000,-1,-1,-1
576,-1,264.00,160.00,98.00,179.00,1.00000,-1,-1,-1
577,-1,263.00,160.00,98.00,179.00,1.00000,-1,-1,-1
578,-1,263.00,160.00,99.00,179.00,1.00000,-1,-1,-1
579,-1,263.00,160.00,100.00,179.00,1.00000,-1,-1,-1
580,-1,263.00,160.00,101.00,179.00,1.00000,-1,-1,-1
581,-1,263.00,160.00,102.00,179.00,1.00000,-1,-1,-1
582,-1,263.00,160.00,103.00,179.00,1.00000,-1,-1,-1
583,-1,263.00,160.00,104.00,179.00,1.00000,-1,-1,-1
584,-1,262.00,160.00,104.00,179.00,1.00000,-1,-1,-1
585,-1,262.00,160.00,105.00,179.00,1.00000,-1,-1,-1
586,-1,262.00,160.00,106.00,179.00,1.00000,-1,-1,-1
587,-1,262.00,160.00,107.00,179.00,1.00000,-1,-1,-1
588,-1,262.00,160.00,108.00,179.00,1.00000,-1,-1,-1
589,-1,262.00,160.00,109.00,179.00,1.00000,-1,-1,-1
590,-1,262.00,161.00,110.00,180.00,1.00000,-1,-1,-1
591,-1,261.00,161.00,111.00,180.00,1.00000,-1,-1,-1
592,-1,261.00,161.00,112.00,181.00,1.00000,-1,-1,-1
593,-1,260.00,161.00,113.00,182.00,1.00000,-1,-1,-1
594,-1,260.00,161.00,115.00,182.00,1.00000,-1,-1,-1
595,-1,260.00,161.00,116.00,183.00,1.00000,-1,-1,-1
596,-1,259.00,161.00,117.00,184.00,1.00000,-1,-1,-1
597,-1,259.00,162.00,118.00,184.00,1.00000,-1,-1,-1
598,-1,259.00,162.00,120.00,185.00,1.00000,-1,-1,-1
599,-1,258.00,162.00,121.00,186.00,1.00000,-1,-1,-1
600,-1,258.00,162.00,122.00,187.00,1.00000,-1,-1,-1
601,-1,258.00,162.00,123.00,187.00,1.00000,-1,-1,-1
602,-1,257.00,162.00,125.00,188.00,1.00000,-1,-1,-1
603,-1,257.00,162.00,126.00,189.00,1.00000,-1,-1,-1
604,-1,257.00,163.00,127.00,189.00,1.00000,-1,-1,-1
605,-1,256.00,163.00,128.00,190.00,1.00000,-1,-1,-1
606,-1,256.00,163.00,130.00,191.00,1.00000,-1,-1,-1
607,-1,256.00,163.00,131.00,191.00,1.00000,-1,-1,-1
608,-1,255.00,163.00,132.00,192.00,1.00000,-1,-1,-1
609,-1,255.00,163.00,133.00,193.00,1.00000,-1,-1,-1
610,-1,255.00,164.00,135.00,194.00,1.00000,-1,-1,-1
611,-1,254.00,164.00,135.00,193.00,1.00000,-1,-1,-1
612,-1,253.00,164.00,135.00,193.00,1.00000,-1,-1,-1
613,-1,252.00,164.00,136.00,193.00,1.00000,-1,-1,-1
614,-1,252.00,165.00,136.00,193.00,1.00000,-1,-1,-1
615,-1,251.00,165.00,137.00,193.00,1.00000,-1,-1,-1
616,-1,250.00,165.00,137.00,193.00,1.00000,-1,-1,-1
617,-1,250.00,166.00,138.00,193.00,1.00000,-1,-1,-1
618,-1,249.00,166.00,138.00,193.00,1.00000,-1,-1,-1
619,-1,248.00,166.00,139.00,193.00,1.00000,-1,-1,-1
620,-1,248.00,167.00,139.00,193.00,1.00000,-1,-1,-1
621,-1,247.00,167.00,139.00,192.00,1.00000,-1,-1,-1
622,-1,246.00,167.00,140.00,192.00,1.00000,-1,-1,-1
623,-1,245.00,167.00,140.00,192.00,1.00000,-1,-1,-1
624,-1,245.00,168.00,141.00,192.00,1.00000,-1,-1,-1
625,-1,244.00,168.00,141.00,192.00,1.00000,-1,-1,-1
626,-1,243.00,168.00,142.00,192.00,1.00000,-1,-1,-1
627,-1,243.00,169.00,142.00,192.00,1.00000,-1,-1,-1
628,-1,242.00,169.00,143.00,192.00,1.00000,-1,-1,-1
629,-1,241.00,169.00,143.00,192.00,1.00000,-1,-1,-1
630,-1,241.00,170.00,144.00,192.00,1.00000,-1,-1,-1
631,-1,242.00,170.00,144.00,192.00,1.00000,-1,-1,-1
632,-1,243.00,170.00,144.00,192.00,1.00000,-1,-1,-1
633,-1,244.00,170.00,144.00,192.00,1.00000,-1,-1,-1
634,-1,245.00,170.00,144.00,193.00,1.00000,-1,-1,-1
635,-1,247.00,171.00,144.00,193.00,1.00000,-1,-1,-1
636,-1,248.00,171.00,144.00,193.00,1.00000,-1,-1,-1
637,-1,249.00,171.00,145.00,193.00,1.00000,-1,-1,-1
638,-1,250.00,171.00,145.00,194.00,1.00000,-1,-1,-1
639,-1,252.00,171.00,145.00,194.00,1.00000,-1,-1,-1
640,-1,253.00,172.00,145.00,194.00,1.00000,-1,-1,-1
641,-1,254.00,172.00,145.00,194.00,1.00000,-1,-1,-1
642,-1,255.00,172.00,146.00,195.00,1.00000,-1,-1,-1
643,-1,257.00,172.00,146.00,195.00,1.00000,-1,-1,-1
644,-1,258.00,172.00,146.00,195.00,1.00000,-1,-1,-1
645,-1,259.00,173.00,146.00,196.00,1.00000,-1,-1,-1
646,-1,260.00,173.00,146.00,196.00,1.00000,-1,-1,-1
647,-1,261.00,173.00,146.00,196.00,1.00000,-1,-1,-1
648,-1,263.00,173.00,147.00,196.00,1.00000,-1,-1,-1
649,-1,264.00,173.00,147.00,197.00,1.00000,-1,-1,-1
650,-1,265.00,174.00,147.00,197.00,1.00000,-1,-1,-1
651,-1,266.00,174.00,147.00,197.00,1.00000,-1,-1,-1
652,-1,268.00,174.00,147.00,197.00,1.00000,-1,-1,-1
653,-1,269.00,174.00,147.00,198.00,1.00000,-1,-1,-1
654,-1,270.00,174.00,148.00,198.00,1.00000,-1,-1,-1
655,-1,271.00,175.00,148.00,198.00,1.00000,-1,-1,-1
656,-1,273.00,175.00,148.00,198.00,1.00000,-1,-1,-1
657,-1,274.00,175.00,148.00,199.00,1.00000,-1,-1,-1
658,-1,275.00,175.00,148.00,199.00,1.00000,-1,-1,-1
659,-1,276.00,175.00,148.00,199.00,1.00000,-1,-1,-1
660,-1,278.00,176.00,149.00,200.00,1.00000,-1,-1,-1
661,-1,279.00,175.00,148.00,200.00,1.00000,-1,-1,-1
662,-1,281.00,175.00,148.00,200.00,1.00000,-1,-1,-1
663,-1,283.00,174.00,148.00,200.00,1.00000,-1,-1,-1
664,-1,285.00,174.00,147.00,200.00,1.00000,-1,-1,-1
665,-1,287.00,173.00,147.00,201.00,1.00000,-1,-1,-1
666,-1,288.00,173.00,147.00,201.00,1.00000,-1,-1,-1
667,-1,290.00,172.00,146.00,201.00,1.00000,-1,-1,-1
668,-1,292.00,172.00,146.00,201.00,1.00000,-1,-1,-1
669,-1,294.00,171.00,146.00,201.00,1.00000,-1,-1,-1
670,-1,296.00,171.00,146.00,202.00,1.00000,-1,-1,-1
671,-1,297.00,170.00,145.00,202.00,1.00000,-1,-1,-1
672,-1,299.00,170.00,145.00,202.00,1.00000,-1,-1,-1
673,-1,301.00,169.00,145.00,202.00,1.00000,-1,-1,-1
674,-1,303.00,169.00,144.00,202.00,1.00000,-1,-1,-1
675,-1,305.00,168.00,144.00,203.00,1.00000,-1,-1,-1
676,-1,306.00,168.00,144.00,203.00,1.00000,-1,-1,-1
677,-1,308.00,167.00,143.00,203.00,1.00000,-1,-1,-1
678,-1,310.00,167.00,143.00,203.00,1.00000,-1,-1,-1
679,-1,312.00,166.00,143.00,203.00,1.00000,-1,-1,-1
680,-1,314.00,166.00,143.00,204.00,1.00000,-1,-1,-1
681,-1,312.00,166.00,142.00,203.00,1.00000,-1,-1,-1
682,-1,311.00,167.00,142.00,203.00,1.00000,-1,-1,-1
683,-1,310.00,168.00,142.00,203.00,1.00000,-1,-1,-1
684,-1,309.00,169.00,142.00,203.00,1.00000,-1,-1,-1
685,-1,308.00,170.00,142.00,203.00,1.00000,-1,-1,-1
686,-1,307.00,170.00,142.00,203.00,1.00000,-1,-1,-1
687,-1,306.00,171.00,142.00,202.00,1.00000,-1,-1,-1
688,-1,305.00,172.00,142.00,202.00,1.00000,-1,-1,-1
689,-1,304.00,173.00,142.00,202.00,1.00000,-1,-1,-1
690,-1,303.00,174.00,142.00,202.00,1.00000,-1,-1,-1
691,-1,302.00,174.00,142.00,202.00,1.00000,-1,-1,-1
692,-1,301.00,175.00,142.00,202.00,1.00000,-1,-1,-1
693,-1,300.00,176.00,142.00,202.00,1.00000,-1,-1,-1
694,-1,299.00,177.00,142.00,201.00,1.00000,-1,-1,-1
695,-1,298.00,178.00,142.00,201.00,1.00000,-1,-1,-1
696,-1,297.00,178.00,142.00,201.00,1.00000,-1,-1,-1
697,-1,296.00,179.00,142.00,201.00,1.00000,-1,-1,-1
698,-1,295.00,180.00,142.00,201.00,1.00000,-1,-1,-1
699,-1,294.00,181.00,142.00,201.00,1.00000,-1,-1,-1
700,-1,293.00,182.00,142.00,201.00,1.00000,-1,-1,-1
701,-1,291.00,180.00,141.00,201.00,1.00000,-1,-1,-1
702,-1,290.00,179.00,141.00,201.00,1.00000,-1,-1,-1
703,-1,289.00,178.00,141.00,201.00,1.00000,-1,-1,-1
704,-1,288.00,177.00,141.00,202.00,1.00000,-1,-1,-1
705,-1,286.00,176.00,141.00,202.00,1.00000,-1,-1,-1
706,-1,285.00,175.00,141.00,202.00,1.00000,-1,-1,-1
707,-1,284.00,173.00,141.00,203.00,1.00000,-1,-1,-1
708,-1,283.00,172.00,141.00,203.00,1.00000,-1,-1,-1
709,-1,281.00,171.00,141.00,203.00,1.00000,-1,-1,-1
710,-1,280.00,170.00,141.00,204.00,1.00000,-1,-1,-1
711,-1,279.00,169.00,141.00,204.00,1.00000,-1,-1,-1
712,-1,278.00,168.00,141.00,204.00,1.00000,-1,-1,-1
713,-1,276.00,167.00,141.00,204.00,1.00000,-1,-1,-1
714,-1,275.00,165.00,141.00,205.00,1.00000,-1,-1,-1
715,-1,274.00,164.00,141.00,205.00,1.00000,-1,-1,-1
716,-1,273.00,163.00,141.00,205.00,1.00000,-1,-1,-1
717,-1,271.00,162.00,141.00,206.00,1.00000,-1,-1,-1
718,-1,270.00,161.00,141.00,206.00,1.00000,-1,-1,-1
719,-1,269.00,160.00,141.00,206.00,1.00000,-1,-1,-1
720,-1,268.00,159.00,141.00,207.00,1.00000,-1,-1,-1
721,-1,267.00,159.00,141.00,207.00,1.00000,-1,-1,-1
722,-1,266.00,159.00,142.00,207.00,1.00000,-1,-1,-1
723,-1,266.00,159.00,143.00,207.00,1.00000,-1,-1,-1
724,-1,265.00,159.00,143.00,207.00,1.00000,-1,-1,-1
725,-1,265.00,160.00,144.00,207.00,1.00000,-1,-1,-1
726,-1,264.00,160.00,145.00,207.00,1.00000,-1,-1,-1
727,-1,263.00,160.00,145.00,208.00,1.00000,-1,-1,-1
728,-1,263.00,160.00,146.00,208.00,1.00000,-1,-1,-1
729,-1,262.00,160.00,147.00,208.00,1.00000,-1,-1,-1
730,-1,262.00,161.00,148.00,208.00,1.00000,-1,-1,-1
731,-1,261.00,161.00,148.00,208.00,1.00000,-1,-1,-1
732,-1,260.00,161.00,149.00,208.00,1.00000,-1,-1,-1
733,-1,260.00,161.00,150.00,208.00,1.00000,-1,-1,-1
734,-1,259.00,161.00,150.00,209.00,1.00000,-1,-1,-1
735,-1,259.00,162.00,151.00,209.00,1.00000,-1,-1,-1
736,-1,258.00,162.00,152.00,209.00,1.00000,-1,-1,-1
737,-1,257.00,162.00,152.00,209.00,1.00000,-1,-1,-1
738,-1,257.00,162.00,153.00,209.00,1.00000,-1,-1,-1
739,-1,256.00,162.00,154.00,209.00,1.00000,-1,-1,-1
740,-1,256.00,163.00,155.00,210.00,1.00000,-1,-1,-1
741,-1,256.00,162.00,155.00,211.00,1.00000,-1,-1,-1
742,-1,256.00,162.00,156.00,212.00,1.00000,-1,-1,-1
743,-1,256.00,161.00,156.00,214.00,1.00000,-1,-1,-1
744,-1,257.00,161.00,157.00,215.00,1.00000,-1,-1,-1
745,-1,257.00,160.00,158.00,216.00,1.00000,-1,-1,-1
746,-1,257.00,160.00,158.00,218.00,1.00000,-1,-1,-1
747,-1,258.00,159.00,159.00,219.00,1.00000,-1,-1,-1
748,-1,258.00,159.00,159.00,220.00,1.00000,-1,-1,-1
749,-1,258.00,158.00,160.00,222.00,1.00000,-1,-1,-1
750,-1,259.00,158.00,161.00,223.00,1.00000,-1,-1,-1
751,-1,259.00,158.00,161.00,224.00,1.00000,-1,-1,-1
752,-1,259.00,157.00,162.00,226.00,1.00000,-1,-1,-1
753,-1,259.00,157.00,162.00,227.00,1.00000,-1,-1,-1
754,-1,260.00,156.00,163.00,228.00,1.00000,-1,-1,-1
755,-1,260.00,156.00,164.00,230.00,1.00000,-1,-1,-1
756,-1,260.00,155.00,164.00,231.00,1.00000,-1,-1,-1
757,-1,261.00,155.00,165.00,232.00,1.00000,-1,-1,-1
758,-1,261.00,154.00,165.00,234.00,1.00000,-1,-1,-1
759,-1,261.00,154.00,166.00,235.00,1.00000,-1,-1,-1
760,-1,262.00,154.00,167.00,237.00,1.00000,-1,-1,-1
761,-1,261.00,153.00,167.00,236.00,1.00000,-1,-1,-1
762,-1,260.00,153.00,168.00,236.00,1.00000,-1,-1,-1
763,-1,259.00,152.00,169.00,236.00,1.00000,-1,-1,-1
764,-1,258.00,152.00,170.00,236.00,1.00000,-1,-1,-1
765,-1,257.00,151.00,171.00,236.00,1.00000,-1,-1,-1
766,-1,256.00,151.00,171.00,236.00,1.00000,-1,-1,-1
767,-1,256.00,150.00,172.00,236.00,1.00000,-1,-1,-1
768,-1,255.00,150.00,173.00,236.00,1.00000,-1,-1,-1
769,-1,254.00,149.00,174.00,236.00,1.00000,-1,-1,-1
770,-1,253.00,149.00,175.00,236.00,1.00000,-1,-1,-1
771,-1,252.00,148.00,175.00,235.00,1.00000,-1,-1,-1
772,-1,251.00,148.00,176.00,235.00,1.00000,-1,-1,-1
773,-1,250.00,147.00,177.00,235.00,1.00000,-1,-1,-1
774,-1,250.00,147.00,178.00,235.00,1.00000,-1,-1,-1
775,-1,249.00,146.00,179.00,235.00,1.00000,-1,-1,-1
776,-1,248.00,146.00,179.00,235.00,1.00000,-1,-1,-1
777,-1,247.00,145.00,180.00,235.00,1.00000,-1,-1,-1
778,-1,246.00,145.00,181.00,235.00,1.00000,-1,-1,-1
779,-1,245.00,144.00,182.00,235.00,1.00000,-1,-1,-1
780,-1,245.00,144.00,183.00,235.00,1.00000,-1,-1,-1
781,-1,243.00,143.00,184.00,236.00,1.00000,-1,-1,-1
782,-1,241.00,143.00,185.00,237.00,1.00000,-1,-1,-1
783,-1,240.00,143.00,186.00,238.00,1.00000,-1,-1,-1
784,-1,238.00,143.00,187.00,239.00,1.00000,-1,-1,-1
785,-1,237.00,143.00,189.00,241.00,1.00000,-1,-1,-1
786,-1,235.00,143.00,190.00,242.00,1.00000,-1,-1,-1
787,-1,234.00,143.00,191.00,243.00,1.00000,-1,-1,-1
788,-1,232.00,143.00,192.00,244.00,1.00000,-1,-1,-1
789,-1,231.00,143.00,193.00,245.00,1.00000,-1,-1,-1
790,-1,229.00,143.00,195.00,247.00,1.00000,-1,-1,-1
791,-1,227.00,143.00,196.00,248.00,1.00000,-1,-1,-1
792,-1,226.00,143.00,197.00,249.00,1.00000,-1,-1,-1
793,-1,224.00,143.00,198.00,250.00,1.00000,-1,-1,-1
794,-1,223.00,143.00,199.00,251.00,1.00000,-1,-1,-1
795,-1,221.00,143.00,201.00,253.00,1.00000,-1,-1,-1
796,-1,220.00,143.00,202.00,254.00,1.00000,-1,-1,-1
797,-1,218.00,143.00,203.00,255.00,1.00000,-1,-1,-1
798,-1,217.00,143.00,204.00,256.00,1.00000,-1,-1,-1
799,-1,215.00,143.00,205.00,257.00,1.00000,-1,-1,-1
800,-1,214.00,143.00,207.00,259.00,1.00000,-1,-1,-1
801,-1,215.00,143.00,207.00,258.00,1.00000,-1,-1,-1
802,-1,216.00,143.00,207.00,257.00,1.00000,-1,-1,-1
803,-1,217.00,143.00,207.00,257.00,1.00000,-1,-1,-1
804,-1,218.00,143.00,207.00,256.00,1.00000,-1,-1,-1
805,-1,219.00,143.00,207.00,256.00,1.00000,-1,-1,-1
806,-1,220.00,143.00,208.00,255.00,1.00000,-1,-1,-1
807,-1,221.00,143.00,208.00,255.00,1.00000,-1,-1,-1
808,-1,222.00,143.00,208.00,254.00,1.00000,-1,-1,-1
809,-1,223.00,143.00,208.00,254.00,1.00000,-1,-1,-1
810,-1,225.00,143.00,208.00,253.00,1.00000,-1,-1,-1
811,-1,226.00,143.00,208.00,253.00,1.00000,-1,-1,-1
812,-1,227.00,143.00,209.00,252.00,1.00000,-1,-1,-1
813,-1,228.00,143.00,209.00,252.00,1.00000,-1,-1,-1
814,-1,229.00,143.00,209.00,251.00,1.00000,-1,-1,-1
815,-1,230.00,144.00,209.00,251.00,1.00000,-1,-1,-1
816,-1,231.00,144.00,209.00,250.00,1.00000,-1,-1,-1
817,-1,232.00,144.00,209.00,249.00,1.00000,-1,-1,-1
818,-1,233.00,144.00,210.00,249.00,1.00000,-1,-1,-1
819,-1,234.00,144.00,210.00,248.00,1.00000,-1,-1,-1
820,-1,236.00,144.00,210.00,248.00,1.00000,-1,-1,-1
821,-1,237.00,144.00,210.00,247.00,1.00000,-1,-1,-1
822,-1,238.00,144.00,210.00,247.00,1.00000,-1,-1,-1
823,-1,239.00,144.00,210.00,246.00,1.00000,-1,-1,-1
824,-1,240.00,144.00,210.00,246.00,1.00000,-1,-1,-1
825,-1,241.00,144.00,211.00,245.00,1.00000,-1,-1,-1
826,-1,242.00,144.00,211.00,245.00,1.00000,-1,-1,-1
827,-1,243.00,144.00,211.00,244.00,1.00000,-1,-1,-1
828,-1,244.00,144.00,211.00,244.00,1.00000,-1,-1,-1
829,-1,245.00,144.00,211.00,243.00,1.00000,-1,-1,-1
830,-1,247.00,145.00,212.00,243.00,1.00000,-1,-1,-1
831,-1,247.00,145.00,211.00,242.00,1.00000,-1,-1,-1
832,-1,248.00,146.00,210.00,241.00,1.00000,-1,-1,-1
833,-1,248.00,146.00,209.00,240.00,1.00000,-1,-1,-1
834,-1,249.00,147.00,209.00,239.00,1.00000,-1,-1,-1
835,-1,250.00,147.00,208.00,238.00,1.00000,-1,-1,-1
836,-1,250.00,148.00,207.00,237.00,1.00000,-1,-1,-1
837,-1,251.00,148.00,207.00,236.00,1.00000,-1,-1,-1
838,-1,251.00,149.00,206.00,235.00,1.00000,-1,-1,-1
839,-1,252.00,149.00,205.00,234.00,1.00000,-1,-1,-1
840,-1,253.00,150.00,205.00,233.00,1.00000,-1,-1,-1
841,-1,253.00,151.00,204.00,232.00,1.00000,-1,-1,-1
842,-1,254.00,151.00,203.00,231.00,1.00000,-1,-1,-1
843,-1,254.00,152.00,202.00,230.00,1.00000,-1,-1,-1
844,-1,255.00,152.00,202.00,229.00,1.00000,-1,-1,-1
845,-1,256.00,153.00,201.00,228.00,1.00000,-1,-1,-1
846,-1,256.00,153.00,200.00,227.00,1.00000,-1,-1,-1
847,-1,257.00,154.00,200.00,226.00,1.00000,-1,-1,-1
848,-1,257.00,154.00,199.00,225.00,1.00000,-1,-1,-1
849,-1,258.00,155.00,198.00,224.00,1.00000,-1,-1,-1
850,-1,259.00,156.00,198.00,224.00,1.00000,-1,-1,-1
851,-1,259.00,156.00,196.00,223.00,1.00000,-1,-1,-1
852,-1,260.00,156.00,195.00,221.00,1.00000,-1,-1,-1
853,-1,261.00,156.00,193.00,221.00,1.00000,-1,-1,-1
854,-1,261.00,156.00,192.00,220.00,1.00000,-1,-1,-1
855,-1,262.00,157.00,190.00,219.00,1.00000,-1,-1,-1
856,-1,263.00,157.00,189.00,217.00,1.00000,-1,-1,-1
857,-1,264.00,157.00,187.00,217.00,1.00000,-1,-1,-1
858,-1,264.00,157.00,186.00,216.00,1.00000,-1,-1,-1
859,-1,265.00,158.00,184.00,215.00,1.00000,-1,-1,-1
860,-1,266.00,158.00,183.00,213.00,1.00000,-1,-1,-1
861,-1,267.00,158.00,181.00,213.00,1.00000,-1,-1,-1
862,-1,267.00,158.00,180.00,212.00,1.00000,-1,-1,-1
863,-1,268.00,159.00,178.00,211.00,1.00000,-1,-1,-1
864,-1,269.00,159.00,177.00,209.00,1.00000,-1,-1,-1
865,-1,270.00,159.00,175.00,209.00,1.00000,-1,-1,-1
866,-1,270.00,159.00,174.00,208.00,1.00000,-1,-1,-1
867,-1,271.00,159.00,172.00,206.00,1.00000,-1,-1,-1
868,-1,272.00,160.00,171.00,206.00,1.00000,-1,-1,-1
869,-1,272.00,160.00,169.00,205.00,1.00000,-1,-1,-1
870,-1,273.00,160.00,168.00,204.00,1.00000,-1,-1,-1
871,-1,274.00,160.00,166.00,202.00,1.00000,-1,-1,-1
872,-1,275.00,161.00,165.00,202.00,1.00000,-1,-1,-1
873,-1,275.00,161.00,163.00,201.00,1.00000,-1,-1,-1
874,-1,276.00,161.00,162.00,200.00,1.00000,-1,-1,-1
875,-1,277.00,161.00,160.00,198.00,1.00000,-1,-1,-1
876,-1,278.00,162.00,159.00,198.00,1.00000,-1,-1,-1
877,-1,278.00,162.00,157.00,197.00,1.00000,-1,-1,-1
878,-1,279.00,162.00,155.00,195.00,1.00000,-1,-1,-1
879,-1,280.00,162.00,154.00,194.00,1.00000,-1,-1,-1
880,-1,281.00,163.00,153.00,194.00,1.00000,-1,-1,-1
881,-1,281.00,163.00,153.00,193.00,1.00000,-1,-1,-1
882,-1,281.00,164.00,153.00,193.00,1.00000,-1,-1,-1
883,-1,281.00,165.00,153.00,193.00,1.00000,-1,-1,-1
884,-1,281.00,165.00,153.00,193.00,1.00000,-1,-1,-1
885,-1,281.00,166.00,153.00,193.00,1.00000,-1,-1,-1
886,-1,281.00,167.00,153.00,193.00,1.00000,-1,-1,-1
887,-1,281.00,167.00,153.00,192.00,1.00000,-1,-1,-1
888,-1,281.00,168.00,153.00,192.00,1.00000,-1,-1,-1
889,-1,281.00,169.00,153.00,192.00,1.00000,-1,-1,-1
890,-1,282.00,170.00,154.00,192.00,1.00000,-1,-1,-1
891,-1,282.00,170.00,154.00,192.00,1.00000,-1,-1,-1
892,-1,282.00,171.00,154.00,192.00,1.00000,-1,-1,-1
893,-1,282.00,172.00,154.00,192.00,1.00000,-1,-1,-1
894,-1,282.00,172.00,154.00,191.00,1.00000,-1,-1,-1
895,-1,282.00,173.00,154.00,191.00,1.00000,-1,-1,-1
896,-1,282.00,174.00,154.00,191.00,1.00000,-1,-1,-1
897,-1,282.00,174.00,154.00,191.00,1.00000,-1,-1,-1
898,-1,282.00,175.00,154.00,191.00,1.00000,-1,-1,-1
899,-1,282.00,176.00,154.00,191.00,1.00000,-1,-1,-1
900,-1,283.00,177.00,155.00,191.00,1.00000,-1,-1,-1
901,-1,283.00,177.00,154.00,191.00,1.00000,-1,-1,-1
902,-1,283.00,177.00,154.00,191.00,1.00000,-1,-1,-1
903,-1,283.00,177.00,153.00,191.00,1.00000,-1,-1,-1
904,-1,284.00,177.00,153.00,191.00,1.00000,-1,-1,-1
905,-1,284.00,177.00,152.00,192.00,1.00000,-1,-1,-1
906,-1,284.00,177.00,152.00,192.00,1.00000,-1,-1,-1
907,-1,285.00,177.00,151.00,192.00,1.00000,-1,-1,-1
908,-1,285.00,177.00,151.00,192.00,1.00000,-1,-1,-1
909,-1,285.00,177.00,150.00,192.00,1.00000,-1,-1,-1
910,-1,286.00,178.00,150.00,193.00,1.00000,-1,-1,-1
911,-1,284.00,178.00,151.00,193.00,1.00000,-1,-1,-1
912,-1,283.00,178.00,152.00,193.00,1.00000,-1,-1,-1
913,-1,282.00,178.00,153.00,193.00,1.00000,-1,-1,-1
914,-1,281.00,179.00,154.00,193.00,1.00000,-1,-1,-1
915,-1,280.00,179.00,155.00,193.00,1.00000,-1,-1,-1
916,-1,279.00,179.00,156.00,193.00,1.00000,-1,-1,-1
917,-1,278.00,179.00,157.00,193.00,1.00000,-1,-1,-1
918,-1,277.00,180.00,158.00,193.00,1.00000,-1,-1,-1
919,-1,276.00,180.00,159.00,193.00,1.00000,-1,-1,-1
920,-1,275.00,180.00,160.00,194.00,1.00000,-1,-1,-1
921,-1,274.00,180.00,161.00,194.00,1.00000,-1,-1,-1
922,-1,273.00,181.00,162.00,194.00,1.00000,-1,-1,-1
923,-1,272.00,181.00,163.00,194.00,1.00000,-1,-1,-1
924,-1,271.00,181.00,164.00,194.00,1.00000,-1,-1,-1
925,-1,270.00,181.00,165.00,194.00,1.00000,-1,-1,-1
926,-1,269.00,182.00,166.00,194.00,1.00000,-1,-1,-1
927,-1,268.00,182.00,167.00,194.00,1.00000,-1,-1,-1
928,-1,267.00,182.00,168.00,194.00,1.00000,-1,-1,-1
929,-1,266.00,182.00,169.00,194.00,1.00000,-1,-1,-1
930,-1,265.00,183.00,170.00,195.00,1.00000,-1,-1,-1
931,-1,264.00,182.00,170.00,195.00,1.00000,-1,-1,-1
932,-1,264.00,182.00,170.00,195.00,1.00000,-1,-1,-1
933,-1,263.00,182.00,171.00,195.00,1.00000,-1,-1,-1
934,-1,263.00,182.00,171.00,195.00,1.00000,-1,-1,-1
935,-1,263.00,182.00,171.00,195.00,1.00000,-1,-1,-1
936,-1,262.00,182.00,172.00,195.00,1.00000,-1,-1,-1
937,-1,262.00,182.00,172.00,195.00,1.00000,-1,-1,-1
938,-1,262.00,182.00,172.00,195.00,1.00000,-1,-1,-1
939,-1,261.00,182.00,173.00,195.00,1.00000,-1,-1,-1
940,-1,261.00,182.00,173.00,195.00,1.00000,-1,-1,-1
941,-1,261.00,182.00,173.00,195.00,1.00000,-1,-1,-1
942,-1,260.00,182.00,174.00,195.00,1.00000,-1,-1,-1
943,-1,260.00,182.00,174.00,195.00,1.00000,-1,-1,-1
944,-1,260.00,182.00,174.00,195.00,1.00000,-1,-1,-1
945,-1,259.00,182.00,175.00,195.00,1.00000,-1,-1,-1
946,-1,259.00,182.00,175.00,195.00,1.00000,-1,-1,-1
947,-1,259.00,182.00,175.00,195.00,1.00000,-1,-1,-1
948,-1,258.00,182.00,176.00,195.00,1.00000,-1,-1,-1
949,-1,258.00,182.00,176.00,195.00,1.00000,-1,-1,-1
950,-1,258.00,182.00,177.00,196.00,1.00000,-1,-1,-1
951,-1,258.00,181.00,177.00,196.00,1.00000,-1,-1,-1
952,-1,259.00,180.00,177.00,196.00,1.00000,-1,-1,-1
953,-1,259.00,180.00,178.00,196.00,1.00000,-1,-1,-1
954,-1,260.00,179.00,178.00,195.00,1.00000,-1,-1,-1
955,-1,261.00,178.00,178.00,196.00,1.00000,-1,-1,-1
956,-1,261.00,178.00,179.00,196.00,1.00000,-1,-1,-1
957,-1,262.00,177.00,179.00,196.00,1.00000,-1,-1,-1
958,-1,263.00,176.00,179.00,196.00,1.00000,-1,-1,-1
959,-1,263.00,176.00,180.00,195.00,1.00000,-1,-1,-1
960,-1,264.00,175.00,180.00,196.00,1.00000,-1,-1,-1
961,-1,265.00,174.00,180.00,196.00,1.00000,-1,-1,-1
962,-1,265.00,174.00,181.00,196.00,1.00000,-1,-1,-1
963,-1,266.00,173.00,181.00,196.00,1.00000,-1,-1,-1
964,-1,267.00,172.00,181.00,195.00,1.00000,-1,-1,-1
965,-1,267.00,172.00,182.00,196.00,1.00000,-1,-1,-1
966,-1,268.00,171.00,182.00,196.00,1.00000,-1,-1,-1
967,-1,269.00,170.00,182.00,196.00,1.00000,-1,-1,-1
968,-1,269.00,170.00,183.00,196.00,1.00000,-1,-1,-1
969,-1,270.00,169.00,183.00,195.00,1.00000,-1,-1,-1
970,-1,271.00,169.00,184.00,196.00,1.00000,-1,-1,-1
971,-1,272.00,168.00,183.00,196.00,1.00000,-1,-1,-1
972,-1,273.00,167.00,182.00,195.00,1.00000,-1,-1,-1
973,-1,275.00,166.00,181.00,196.00,1.00000,-1,-1,-1
974,-1,276.00,165.00,180.00,196.00,1.00000,-1,-1,-1
975,-1,278.00,165.00,180.00,196.00,1.00000,-1,-1,-1
976,-1,279.00,164.00,179.00,196.00,1.00000,-1,-1,-1
977,-1,281.00,163.00,178.00,195.00,1.00000,-1,-1,-1
978,-1,282.00,162.00,177.00,196.00,1.00000,-1,-1,-1
979,-1,284.00,161.00,176.00,196.00,1.00000,-1,-1,-1
980,-1,285.00,161.00,176.00,196.00,1.00000,-1,-1,-1
981,-1,286.00,160.00,175.00,196.00,1.00000,-1,-1,-1
982,-1,288.00,159.00,174.00,195.00,1.00000,-1,-1,-1
983,-1,289.00,158.00,173.00,196.00,1.00000,-1,-1,-1
984,-1,291.00,157.00,172.00,196.00,1.00000,-1,-1,-1
985,-1,292.00,157.00,172.00,196.00,1.00000,-1,-1,-1
986,-1,294.00,156.00,171.00,196.00,1.00000,-1,-1,-1
987,-1,295.00,155.00,170.00,195.00,1.00000,-1,-1,-1
988,-1,297.00,154.00,169.00,196.00,1.00000,-1,-1,-1
989,-1,298.00,153.00,168.00,196.00,1.00000,-1,-1,-1
990,-1,300.00,153.00,168.00,196.00,1.00000,-1,-1,-1
991,-1,300.00,153.00,167.00,195.00,1.00000,-1,-1,-1
992,-1,300.00,153.00,167.00,195.00,1.00000,-1,-1,-1
993,-1,300.00,153.00,167.00,195.00,1.00000,-1,-1,-1
994,-1,301.00,153.00,166.00,195.00,1.00000,-1,-1,-1
995,-1,301.00,154.00,166.00,195.00,1.00000,-1,-1,-1
996,-1,301.00,154.00,166.00,195.00,1.00000,-1,-1,-1
997,-1,301.00,154.00,165.00,195.00,1.00000,-1,-1,-1
998,-1,302.00,154.00,165.00,195.00,1.00000,-1,-1,-1
999,-1,302.00,154.00,165.00,195.00,1.00000,-1,-1,-1
1000,-1,302.00,155.00,165.00,195.00,1.00000,-1,-1,-1
1001,-1,302.00,155.00,164.00,194.00,1.00000,-1,-1,-1
1002,-1,303.00,155.00,164.00,194.00,1.00000,-1,-1,-1
1003,-1,303.00,155.00,164.00,194.00,1.00000,-1,-1,-1
1004,-1,303.00,155.00,163.00,194.00,1.00000,-1,-1,-1
1005,-1,303.00,156.00,163.00,194.00,1.00000,-1,-1,-1
1006,-1,304.00,156.00,163.00,194.00,1.00000,-1,-1,-1
1007,-1,304.00,156.00,162.00,194.00,1.00000,-1,-1,-1
1008,-1,304.00,156.00,162.00,194.00,1.00000,-1,-1,-1
1009,-1,304.00,156.00,162.00,194.00,1.00000,-1,-1,-1
1010,-1,305.00,157.00,162.00,194.00,1.00000,-1,-1,-1
1011,-1,305.00,157.00,161.00,194.00,1.00000,-1,-1,-1
1012,-1,305.00,158.00,160.00,194.00,1.00000,-1,-1,-1
1013,-1,305.00,159.00,160.00,194.00,1.00000,-1,-1,-1
1014,-1,306.00,159.00,159.00,194.00,1.00000,-1,-1,-1
1015,-1,306.00,160.00,159.00,194.00,1.00000,-1,-1,-1
1016,-1,306.00,161.00,158.00,194.00,1.00000,-1,-1,-1
1017,-1,306.00,161.00,157.00,195.00,1.00000,-1,-1,-1
1018,-1,307.00,162.00,157.00,195.00,1.00000,-1,-1,-1
1019,-1,307.00,163.00,156.00,195.00,1.00000,-1,-1,-1
1020,-1,307.00,164.00,156.00,195.00,1.00000,-1,-1,-1
1021,-1,307.00,164.00,155.00,195.00,1.00000,-1,-1,-1
1022,-1,308.00,165.00,154.00,195.00,1.00000,-1,-1,-1
1023,-1,308.00,166.00,154.00,195.00,1.00000,-1,-1,-1
1024,-1,308.00,166.00,153.00,196.00,1.00000,-1,-1,-1
1025,-1,308.00,167.00,153.00,196.00,1.00000,-1,-1,-1
1026,-1,309.00,168.00,152.00,196.00,1.00000,-1,-1,-1
1027,-1,309.00,168.00,151.00,196.00,1.00000,-1,-1,-1
1028,-1,309.00,169.00,151.00,196.00,1.00000,-1,-1,-1
1029,-1,309.00,170.00,150.00,196.00,1.00000,-1,-1,-1
1030,-1,310.00,171.00,150.00,197.00,1.00000,-1,-1,-1
1031,-1,309.00,170.00,149.00,197.00,1.00000,-1,-1,-1
1032,-1,309.00,170.00,149.00,197.00,1.00000,-1,-1,-1
1033,-1,309.00,170.00,148.00,198.00,1.00000,-1,-1,-1
1034,-1,309.00,170.00,148.00,198.00,1.00000,-1,-1,-1
1035,-1,309.00,170.00,147.00,199.00,1.00000,-1,-1,-1
1036,-1,309.00,169.00,147.00,199.00,1.00000,-1,-1,-1
1037,-1,309.00,169.00,146.00,200.00,1.00000,-1,-1,-1
1038,-1,309.00,169.00,146.00,200.00,1.00000,-1,-1,-1
1039,-1,309.00,169.00,145.00,201.00,1.00000,-1,-1,-1
1040,-1,309.00,169.00,145.00,201.00,1.00000,-1,-1,-1
1041,-1,308.00,168.00,144.00,201.00,1.00000,-1,-1,-1
1042,-1,308.00,168.00,144.00,202.00,1.00000,-1,-1,-1
1043,-1,308.00,168.00,143.00,202.00,1.00000,-1,-1,-1
1044,-1,308.00,168.00,143.00,203.00,1.00000,-1,-1,-1
1045,-1,308.00,168.00,142.00,203.00,1.00000,-1,-1,-1
1046,-1,308.00,167.00,142.00,204.00,1.00000,-1,-1,-1
1047,-1,308.00,167.00,141.00,204.00,1.00000,-1,-1,-1
1048,-1,308.00,167.00,141.00,205.00,1.00000,-1,-1,-1
1049,-1,308.00,167.00,140.00,205.00,1.00000,-1,-1,-1
1050,-1,308.00,167.00,140.00,206.00,1.00000,-1,-1,-1
1051,-1,307.00,166.00,139.00,205.00,1.00000,-1,-1,-1
1052,-1,307.00,166.00,139.00,205.00,1.00000,-1,-1,-1
1053,-1,307.00,166.00,139.00,205.00,1.00000,-1,-1,-1
1054,-1,307.00,166.00,139.00,205.00,1.00000,-1,-1,-1
1055,-1,307.00,166.00,139.00,204.00,1.00000,-1,-1,-1
1056,-1,307.00,166.00,138.00,204.00,1.00000,-1,-1,-1
1057,-1,307.00,166.00,138.00,204.00,1.00000,-1,-1,-1
1058,-1,306.00,166.00,138.00,204.00,1.00000,-1,-1,-1
1059,-1,306.00,166.00,138.00,203.00,1.00000,-1,-1,-1
1060,-1,306.00,166.00,138.00,203.00,1.00000,-1,-1,-1
1061,-1,306.00,166.00,137.00,203.00,1.00000,-1,-1,-1
1062,-1,306.00,166.00,137.00,203.00,1.00000,-1,-1,-1
1063,-1,306.00,166.00,137.00,202.00,1.00000,-1,-1,-1
1064,-1,306.00,166.00,137.00,202.00,1.00000,-1,-1,-1
1065,-1,306.00,166.00,137.00,202.00,1.00000,-1,-1,-1
1066,-1,305.00,166.00,136.00,202.00,1.00000,-1,-1,-1
1067,-1,305.00,166.00,136.00,202.00,1.00000,-1,-1,-1
1068,-1,305.00,166.00,136.00,201.00,1.00000,-1,-1,-1
1069,-1,305.00,166.00,136.00,201.00,1.00000,-1,-1,-1
1070,-1,305.00,166.00,136.00,201.00,1.00000,-1,-1,-1
1071,-1,305.00,166.00,135.00,201.00,1.00000,-1,-1,-1
1072,-1,305.00,166.00,135.00,200.00,1.00000,-1,-1,-1
1073,-1,304.00,166.00,135.00,200.00,1.00000,-1,-1,-1
1074,-1,304.00,166.00,135.00,200.00,1.00000,-1,-1,-1
1075,-1,304.00,166.00,135.00,200.00,1.00000,-1,-1,-1
1076,-1,304.00,166.00,134.00,199.00,1.00000,-1,-1,-1
1077,-1,304.00,166.00,134.00,199.00,1.00000,-1,-1,-1
1078,-1,304.00,166.00,134.00,199.00,1.00000,-1,-1,-1
1079,-1,304.00,166.00,134.00,199.00,1.00000,-1,-1,-1
1080,-1,304.00,166.00,134.00,199.00,1.00000,-1,-1,-1
1081,-1,303.00,166.00,138.00,198.00,1.00000,-1,-1,-1
1082,-1,302.00,166.00,142.00,198.00,1.00000,-1,-1,-1
1083,-1,301.00,166.00,146.00,198.00,1.00000,-1,-1,-1
1084,-1,300.00,166.00,150.00,198.00,1.00000,-1,-1,-1
1085,-1,299.00,166.00,155.00,198.00,1.00000,-1,-1,-1
1086,-1,298.00,166.00,159.00,197.00,1.00000,-1,-1,-1
1087,-1,297.00,167.00,163.00,197.00,1.00000,-1,-1,-1
1088,-1,296.00,167.00,167.00,197.00,1.00000,-1,-1,-1
1089,-1,295.00,167.00,171.00,197.00,1.00000,-1,-1,-1
1090,-1,294.00,167.00,176.00,197.00,1.00000,-1,-1,-1
1091,-1,293.00,167.00,180.00,196.00,1.00000,-1,-1,-1
1092,-1,292.00,167.00,184.00,196.00,1.00000,-1,-1,-1
1093,-1,291.00,167.00,188.00,196.00,1.00000,-1,-1,-1
1094,-1,290.00,168.00,192.00,196.00,1.00000,-1,-1,-1
1095,-1,289.00,168.00,197.00,196.00,1.00000,-1,-1,-1
1096,-1,288.00,168.00,201.00,195.00,1.00000,-1,-1,-1
1097,-1,287.00,168.00,205.00,195.00,1.00000,-1,-1,-1
1098,-1,286.00,168.00,209.00,195.00,1.00000,-1,-1,-1
1099,-1,285.00,168.00,213.00,195.00,1.00000,-1,-1,-1
1100,-1,285.00,169.00,218.00,195.00,1.00000,-1,-1,-1
1101,-1,285.00,168.00,217.00,195.00,1.00000,-1,-1,-1
1102,-1,285.00,168.00,216.00,195.00,1.00000,-1,-1,-1
1103,-1,286.00,168.00,216.00,195.00,1.00000,-1,-1,-1
1104,-1,286.00,168.00,215.00,196.00,1.00000,-1,-1,-1
1105,-1,287.00,168.00,214.00,196.00,1.00000,-1,-1,-1
1106,-1,287.00,167.00,214.00,196.00,1.00000,-1,-1,-1
1107,-1,287.00,167.00,213.00,197.00,1.00000,-1,-1,-1
1108,-1,288.00,167.00,212.00,197.00,1.00000,-1,-1,-1
1109,-1,288.00,167.00,212.00,197.00,1.00000,-1,-1,-1
1110,-1,289.00,167.00,211.00,198.00,1.00000,-1,-1,-1
1111,-1,289.00,166.00,210.00,198.00,1.00000,-1,-1,-1
1112,-1,289.00,166.00,210.00,198.00,1.00000,-1,-1,-1
1113,-1,290.00,166.00,209.00,198.00,1.00000,-1,-1,-1
1114,-1,290.00,166.00,208.00,199.00,1.00000,-1,-1,-1
1115,-1,291.00,166.00,208.00,199.00,1.00000,-1,-1,-1
1116,-1,291.00,165.00,207.00,199.00,1.00000,-1,-1,-1
1117,-1,291.00,165.00,206.00,200.00,1.00000,-1,-1,-1
1118,-1,292.00,165.00,206.00,200.00,1.00000,-1,-1,-1
1119,-1,292.00,165.00,205.00,200.00,1.00000,-1,-1,-1
1120,-1,293.00,165.00,205.00,201.00,1.00000,-1,-1,-1
1121,-1,293.00,164.00,204.00,200.00,1.00000,-1,-1,-1
1122,-1,293.00,164.00,204.00,200.00,1.00000,-1,-1,-1
1123,-1,294.00,164.00,203.00,200.00,1.00000,-1,-1,-1
1124,-1,294.00,164.00,203.00,200.00,1.00000,-1,-1,-1
1125,-1,295.00,164.00,203.00,200.00,1.00000,-1,-1,-1
1126,-1,295.00,164.00,202.00,200.00,1.00000,-1,-1,-1
1127,-1,295.00,164.00,202.00,200.00,1.00000,-1,-1,-1
1128,-1,296.00,164.00,201.00,200.00,1.00000,-1,-1,-1
1129,-1,296.00,164.00,201.00,200.00,1.00000,-1,-1,-1
1130,-1,297.00,164.00,201.00,200.00,1.00000,-1,-1,-1
1131,-1,297.00,164.00,200.00,199.00,1.00000,-1,-1,-1
1132,-1,297.00,164.00,200.00,199.00,1.00000,-1,-1,-1
1133,-1,298.00,164.00,199.00,199.00,1.00000,-1,-1,-1
1134,-1,298.00,164.00,199.00,199.00,1.00000,-1,-1,-1
1135,-1,299.00,164.00,199.00,199.00,1.00000,-1,-1,-1
1136,-1,299.00,164.00,198.00,199.00,1.00000,-1,-1,-1
1137,-1,299.00,164.00,198.00,199.00,1.00000,-1,-1,-1
1138,-1,300.00,164.00,197.00,199.00,1.00000,-1,-1,-1
1139,-1,300.00,164.00,197.00,199.00,1.00000,-1,-1,-1
1140,-1,301.00,164.00,197.00,199.00,1.00000,-1,-1,-1
1141,-1,300.00,164.00,196.00,198.00,1.00000,-1,-1,-1
1142,-1,300.00,164.00,196.00,198.00,1.00000,-1,-1,-1
1143,-1,300.00,164.00,196.00,198.00,1.00000,-1,-1,-1
1144,-1,300.00,164.00,196.00,198.00,1.00000,-1,-1,-1
1145,-1,300.00,164.00,196.00,198.00,1.00000,-1,-1,-1
1146,-1,300.00,164.00,196.00,197.00,1.00000,-1,-1,-1
1147,-1,299.00,165.00,196.00,197.00,1.00000,-1,-1,-1
1148,-1,299.00,165.00,196.00,197.00,1.00000,-1,-1,-1
1149,-1,299.00,165.00,196.00,197.00,1.00000,-1,-1,-1
1150,-1,299.00,165.00,196.00,197.00,1.00000,-1,-1,-1
1151,-1,299.00,165.00,196.00,196.00,1.00000,-1,-1,-1
1152,-1,299.00,165.00,196.00,196.00,1.00000,-1,-1,-1
1153,-1,299.00,165.00,196.00,196.00,1.00000,-1,-1,-1
1154,-1,298.00,166.00,196.00,196.00,1.00000,-1,-1,-1
1155,-1,298.00,166.00,196.00,196.00,1.00000,-1,-1,-1
1156,-1,298.00,166.00,196.00,195.00,1.00000,-1,-1,-1
1157,-1,298.00,166.00,196.00,195.00,1.00000,-1,-1,-1
1158,-1,298.00,166.00,196.00,195.00,1.00000,-1,-1,-1
1159,-1,298.00,166.00,196.00,195.00,1.00000,-1,-1,-1
1160,-1,298.00,167.00,196.00,195.00,1.00000,-1,-1,-1
1161,-1,299.00,168.00,195.00,193.00,1.00000,-1,-1,-1
1162,-1,300.00,169.00,194.00,191.00,1.00000,-1,-1,-1
1163,-1,301.00,170.00,194.00,190.00,1.00000,-1,-1,-1
1164,-1,302.00,171.00,193.00,188.00,1.00000,-1,-1,-1
1165,-1,303.00,173.00,193.00,187.00,1.00000,-1,-1,-1
1166,-1,304.00,174.00,192.00,185.00,1.00000,-1,-1,-1
1167,-1,305.00,175.00,191.00,183.00,1.00000,-1,-1,-1
1168,-1,306.00,176.00,191.00,182.00,1.00000,-1,-1,-1
1169,-1,307.00,177.00,190.00,180.00,1.00000,-1,-1,-1
1170,-1,308.00,179.00,190.00,179.00,1.00000,-1,-1,-1
1171,-1,301.00,179.00,196.00,177.00,1.00000,-1,-1,-1
1172,-1,295.00,180.00,202.00,176.00,1.00000,-1,-1,-1
1173,-1,289.00,181.00,209.00,175.00,1.00000,-1,-1,-1
1174,-1,283.00,181.00,215.00,174.00,1.00000,-1,-1,-1
1175,-1,277.00,182.00,222.00,173.00,1.00000,-1,-1,-1
1176,-1,271.00,183.00,228.00,172.00,1.00000,-1,-1,-1
1177,-1,265.00,183.00,234.00,171.00,1.00000,-1,-1,-1
1178,-1,259.00,184.00,241.00,170.00,1.00000,-1,-1,-1
1179,-1,253.00,185.00,247.00,169.00,1.00000,-1,-1,-1
1180,-1,247.00,186.00,254.00,168.00,1.00000,-1,-1,-1
1181,-1,237.00,182.00,261.00,166.00,1.00000,-1,-1,-1
1182,-1,227.00,179.00,269.00,163.00,1.00000,-1,-1,-1
1183,-1,217.00,176.00,277.00,162.00,1.00000,-1,-1,-1
1184,-1,207.00,172.00,285.00,160.00,1.00000,-1,-1,-1
1185,-1,197.00,169.00,293.00,158.00,1.00000,-1,-1,-1
1186,-1,187.00,166.00,300.00,156.00,1.00000,-1,-1,-1
1187,-1,177.00,162.00,308.00,153.00,1.00000,-1,-1,-1
1188,-1,167.00,159.00,316.00,152.00,1.00000,-1,-1,-1
1189,-1,157.00,156.00,324.00,150.00,1.00000,-1,-1,-1
1190,-1,147.00,153.00,332.00,148.00,1.00000,-1,-1,-1
1191,-1,138.00,153.00,333.00,145.00,1.00000,-1,-1,-1
1192,-1,130.00,153.00,334.00,143.00,1.00000,-1,-1,-1
1193,-1,122.00,154.00,335.00,141.00,1.00000,-1,-1,-1
1194,-1,113.00,154.00,336.00,139.00,1.00000,-1,-1,-1
1195,-1,105.00,155.00,338.00,137.00,1.00000,-1,-1,-1
1196,-1,97.00,155.00,339.00,135.00,1.00000,-1,-1,-1
1197,-1,88.00,155.00,340.00,133.00,1.00000,-1,-1,-1
1198,-1,80.00,156.00,341.00,131.00,1.00000,-1,-1,-1
1199,-1,72.00,156.00,342.00,129.00,1.00000,-1,-1,-1
1200,-1,64.00,157.00,344.00,127.00,1.00000,-1,-1,-1
1201,-1,65.00,160.00,336.00,125.00,1.00000,-1,-1,-1
1202,-1,66.00,163.00,328.00,124.00,1.00000,-1,-1,-1
1203,-1,67.00,166.00,320.00,123.00,1.00000,-1,-1,-1
1204,-1,68.00,169.00,312.00,122.00,1.00000,-1,-1,-1
1205,-1,70.00,172.00,304.00,121.00,1.00000,-1,-1,-1
1206,-1,71.00,175.00,296.00,120.00,1.00000,-1,-1,-1
1207,-1,72.00,178.00,288.00,119.00,1.00000,-1,-1,-1
1208,-1,73.00,181.00,280.00,118.00,1.00000,-1,-1,-1
1209,-1,74.00,184.00,272.00,117.00,1.00000,-1,-1,-1
1210,-1,76.00,188.00,265.00,116.00,1.00000,-1,-1,-1
1211,-1,78.00,187.00,256.00,113.00,1.00000,-1,-1,-1
1212,-1,81.00,186.00,247.00,111.00,1.00000,-1,-1,-1
1213,-1,83.00,185.00,238.00,109.00,1.00000,-1,-1,-1
1214,-1,86.00,184.00,229.00,106.00,1.00000,-1,-1,-1
1215,-1,88.00,184.00,220.00,104.00,1.00000,-1,-1,-1
1216,-1,91.00,183.00,211.00,102.00,1.00000,-1,-1,-1
1217,-1,93.00,182.00,202.00,99.00,1.00000,-1,-1,-1
1218,-1,96.00,181.00,193.00,97.00,1.00000,-1,-1,-1
1219,-1,98.00,180.00,184.00,95.00,1.00000,-1,-1,-1
1220,-1,101.00,180.00,175.00,93.00,1.00000,-1,-1,-1
1221,-1,107.00,182.00,173.00,90.00,1.00000,-1,-1,-1
1222,-1,114.00,184.00,172.00,88.00,1.00000,-1,-1,-1
1223,-1,120.00,186.00,171.00,86.00,1.00000,-1,-1,-1
1224,-1,127.00,188.00,170.00,84.00,1.00000,-1,-1,-1
1225,-1,133.00,190.00,169.00,82.00,1.00000,-1,-1,-1
1226,-1,140.00,192.00,168.00,79.00,1.00000,-1,-1,-1
1227,-1,146.00,194.00,167.00,77.00,1.00000,-1,-1,-1
1228,-1,153.00,196.00,166.00,75.00,1.00000,-1,-1,-1
1229,-1,159.00,198.00,165.00,73.00,1.00000,-1,-1,-1
1230,-1,166.00,201.00,164.00,71.00,1.00000,-1,-1,-1
1231,-1,171.00,201.00,159.00,69.00,1.00000,-1,-1,-1
1232,-1,176.00,202.00,154.00,68.00,1.00000,-1,-1,-1
1233,-1,181.00,203.00,149.00,67.00,1.00000,-1,-1,-1
1234,-1,186.00,204.00,145.00,65.00,1.00000,-1,-1,-1
1235,-1,191.00,205.00,140.00,64.00,1.00000,-1,-1,-1
1236,-1,196.00,206.00,135.00,63.00,1.00000,-1,-1,-1
1237,-1,201.00,207.00,131.00,61.00,1.00000,-1,-1,-1
1238,-1,206.00,208.00,126.00,60.00,1.00000,-1,-1,-1
1239,-1,211.00,209.00,121.00,59.00,1.00000,-1,-1,-1
1240,-1,217.00,210.00,117.00,58.00,1.00000,-1,-1,-1
1241,-1,221.00,207.00,113.00,57.00,1.00000,-1,-1,-1
1242,-1,226.00,205.00,108.00,56.00,1.00000,-1,-1,-1
1243,-1,231.00,203.00,105.00,55.00,1.00000,-1,-1,-1
1244,-1,235.00,201.00,101.00,55.00,1.00000,-1,-1,-1
1245,-1,240.00,199.00,97.00,54.00,1.00000,-1,-1,-1
1246,-1,245.00,196.00,93.00,53.00,1.00000,-1,-1,-1
1247,-1,249.00,194.00,88.00,53.00,1.00000,-1,-1,-1
1248,-1,254.00,192.00,85.00,52.00,1.00000,-1,-1,-1
1249,-1,259.00,190.00,81.00,51.00,1.00000,-1,-1,-1
1250,-1,264.00,188.00,77.00,51.00,1.00000,-1,-1,-1
1251,-1,267.00,185.00,76.00,49.00,1.00000,-1,-1,-1
1252,-1,271.00,183.00,76.00,47.00,1.00000,-1,-1,-1
1253,-1,274.00,181.00,75.00,45.00,1.00000,-1,-1,-1
1254,-1,278.00,178.00,75.00,43.00,1.00000,-1,-1,-1
1255,-1,281.00,176.00,75.00,41.00,1.00000,-1,-1,-1
1256,-1,285.00,174.00,74.00,39.00,1.00000,-1,-1,-1
1257,-1,288.00,171.00,74.00,37.00,1.00000,-1,-1,-1
1258,-1,292.00,169.00,73.00,35.00,1.00000,-1,-1,-1
1259,-1,295.00,167.00,73.00,33.00,1.00000,-1,-1,-1
1260,-1,299.00,165.00,73.00,31.00,1.00000,-1,-1,-1
1261,-1,300.00,162.00,70.00,31.00,1.00000,-1,-1,-1
1262,-1,302.00,159.00,68.00,31.00,1.00000,-1,-1,-1
1263,-1,304.00,156.00,66.00,31.00,1.00000,-1,-1,-1
1264,-1,306.00,153.00,63.00,31.00,1.00000,-1,-1,-1
1265,-1,308.00,151.00,61.00,31.00,1.00000,-1,-1,-1
1266,-1,310.00,148.00,59.00,31.00,1.00000,-1,-1,-1
1267,-1,312.00,145.00,56.00,31.00,1.00000,-1,-1,-1
1268,-1,314.00,142.00,54.00,31.00,1.00000,-1,-1,-1
1269,-1,316.00,139.00,52.00,31.00,1.00000,-1,-1,-1
1270,-1,318.00,137.00,50.00,31.00,1.00000,-1,-1,-1
1271,-1,321.00,135.00,49.00,30.00,1.00000,-1,-1,-1
1272,-1,324.00,133.00,48.00,30.00,1.00000,-1,-1,-1
1273,-1,327.00,131.00,47.00,30.00,1.00000,-1,-1,-1
1274,-1,330.00,129.00,46.00,30.00,1.00000,-1,-1,-1
1275,-1,333.00,127.00,45.00,30.00,1.00000,-1,-1,-1
1276,-1,336.00,125.00,44.00,30.00,1.00000,-1,-1,-1
1277,-1,339.00,123.00,43.00,30.00,1.00000,-1,-1,-1
1278,-1,342.00,121.00,42.00,30.00,1.00000,-1,-1,-1
1279,-1,345.00,119.00,41.00,30.00,1.00000,-1,-1,-1
1280,-1,348.00,117.00,41.00,30.00,1.00000,-1,-1,-1
1281,-1,353.00,115.00,41.00,30.00,1.00000,-1,-1,-1
1282,-1,358.00,114.00,41.00,30.00,1.00000,-1,-1,-1
1283,-1,363.00,113.00,41.00,30.00,1.00000,-1,-1,-1
1284,-1,368.00,112.00,41.00,29.00,1.00000,-1,-1,-1
1285,-1,373.00,111.00,41.00,30.00,1.00000,-1,-1,-1
1286,-1,378.00,109.00,41.00,30.00,1.00000,-1,-1,-1
1287,-1,383.00,108.00,41.00,30.00,1.00000,-1,-1,-1
1288,-1,388.00,107.00,41.00,30.00,1.00000,-1,-1,-1
1289,-1,393.00,106.00,41.00,29.00,1.00000,-1,-1,-1
1290,-1,399.00,105.00,41.00,30.00,1.00000,-1,-1,-1
1291,-1,400.00,103.00,40.00,30.00,1.00000,-1,-1,-1
1292,-1,402.00,102.00,39.00,30.00,1.00000,-1,-1,-1
1293,-1,403.00,101.00,38.00,29.00,1.00000,-1,-1,-1
1294,-1,405.00,100.00,37.00,30.00,1.00000,-1,-1,-1
1295,-1,406.00,99.00,37.00,30.00,1.00000,-1,-1,-1
1296,-1,408.00,98.00,36.00,30.00,1.00000,-1,-1,-1
1297,-1,409.00,97.00,35.00,30.00,1.00000,-1,-1,-1
1298,-1,411.00,96.00,34.00,30.00,1.00000,-1,-1,-1
1299,-1,412.00,95.00,33.00,30.00,1.00000,-1,-1,-1
1300,-1,414.00,94.00,33.00,30.00,1.00000,-1,-1,-1
1301,-1,417.00,94.00,32.00,29.00,1.00000,-1,-1,-1
1302,-1,421.00,95.00,32.00,29.00,1.00000,-1,-1,-1
1303,-1,425.00,95.00,31.00,29.00,1.00000,-1,-1,-1
1304,-1,429.00,96.00,31.00,29.00,1.00000,-1,-1,-1
1305,-1,433.00,96.00,30.00,29.00,1.00000,-1,-1,-1
1306,-1,436.00,97.00,30.00,29.00,1.00000,-1,-1,-1
1307,-1,440.00,97.00,29.00,29.00,1.00000,-1,-1,-1
1308,-1,444.00,98.00,29.00,29.00,1.00000,-1,-1,-1
1309,-1,448.00,98.00,28.00,29.00,1.00000,-1,-1,-1
1310,-1,452.00,99.00,28.00,29.00,1.00000,-1,-1,-1
1311,-1,454.00,99.00,27.00,28.00,1.00000,-1,-1,-1
1312,-1,457.00,100.00,27.00,28.00,1.00000,-1,-1,-1
1313,-1,459.00,100.00,27.00,27.00,1.00000,-1,-1,-1
1314,-1,462.00,101.00,26.00,27.00,1.00000,-1,-1,-1
1315,-1,465.00,102.00,26.00,27.00,1.00000,-1,-1,-1
1316,-1,467.00,102.00,26.00,26.00,1.00000,-1,-1,-1
1317,-1,470.00,103.00,25.00,26.00,1.00000,-1,-1,-1
1318,-1,472.00,103.00,25.00,25.00,1.00000,-1,-1,-1
1319,-1,475.00,104.00,25.00,25.00,1.00000,-1,-1,-1
1320,-1,478.00,105.00,25.00,25.00,1.00000,-1,-1,-1
1321,-1,480.00,104.00,24.00,25.00,1.00000,-1,-1,-1
1322,-1,482.00,104.00,24.00,25.00,1.00000,-1,-1,-1
1323,-1,484.00,104.00,24.00,25.00,1.00000,-1,-1,-1
1324,-1,486.00,104.00,23.00,25.00,1.00000,-1,-1,-1
1325,-1,488.00,104.00,23.00,25.00,1.00000,-1,-1,-1
1326,-1,490.00,104.00,23.00,25.00,1.00000,-1,-1,-1
1327,-1,492.00,104.00,22.00,25.00,1.00000,-1,-1,-1
1328,-1,494.00,104.00,22.00,25.00,1.00000,-1,-1,-1
1329,-1,496.00,104.00,22.00,25.00,1.00000,-1,-1,-1
1330,-1,499.00,104.00,22.00,26.00,1.00000,-1,-1,-1
1331,-1,500.00,105.00,22.00,26.00,1.00000,-1,-1,-1
1332,-1,501.00,106.00,22.00,26.00,1.00000,-1,-1,-1
1333,-1,502.00,107.00,22.00,26.00,1.00000,-1,-1,-1
1334,-1,503.00,109.00,21.00,25.00,1.00000,-1,-1,-1
1335,-1,505.00,110.00,22.00,26.00,1.00000,-1,-1,-1
1336,-1,506.00,111.00,22.00,26.00,1.00000,-1,-1,-1
1337,-1,507.00,113.00,22.00,26.00,1.00000,-1,-1,-1
1338,-1,508.00,114.00,22.00,26.00,1.00000,-1,-1,-1
1339,-1,509.00,115.00,21.00,25.00,1.00000,-1,-1,-1
1340,-1,511.00,117.00,22.00,26.00,1.00000,-1,-1,-1
